           0           0           0
  0.00461329           0           0
  0.00922657           0           0
   0.0138399           0           0
   0.0184531           0           0
   0.0230664           0           0
   0.0276797           0           0
    0.032293           0           0
   0.0369063           0           0
   0.0415196           0           0
   0.0461329           0           0
   0.0507461           0           0
   0.0553594           0           0
   0.0599727           0           0
    0.064586           0           0
   0.0691993           0           0
   0.0738126           0           0
   0.0784259           0           0
   0.0830391           0           0
   0.0876524           0           0
   0.0922657           0           0
    0.096879           0           0
    0.101492           0           0
    0.106106           0           0
    0.110719           0           0
    0.115332           0           0
    0.119945           0           0
    0.124559           0           0
    0.129172           0           0
    0.133785           0           0
    0.138399           0           0
    0.143012           0           0
    0.147625           0           0
    0.152238           0           0
    0.156852           0           0
    0.161465           0           0
    0.166078           0           0
    0.170692           0           0
    0.175305           0           0
    0.179918           0           0
    0.184531           0           0
    0.189145           0           0
    0.193758           0           0
    0.198371           0           0
    0.202985           0           0
    0.207598           0           0
    0.212211           0           0
    0.216824           0           0
    0.221438           0           0
    0.226051           0           0
    0.230664           0           0
    0.235278           0           0
    0.239891           0           0
    0.244504           0           0
    0.249117           0           0
    0.253731           0           0
    0.258344           0           0
    0.262957           0           0
    0.267571           0           0
    0.272184           0           0
    0.276797           0           0
     0.28141           0           0
    0.286024           0           0
    0.290637           0           0
     0.29525           0           0
    0.299864           0           0
    0.304477           0           0
     0.30909           0           0
    0.313703           0           0
    0.318317           0           0
     0.32293           0           0
    0.327543           0           0
    0.332157           0           0
     0.33677           0           0
    0.341383           0           0
    0.345996           0           0
     0.35061           0           0
    0.355223           0           0
    0.359836           0           0
     0.36445           0           0
    0.369063           0           0
    0.373676           0           0
    0.378289           0           0
    0.382903           0           0
    0.387516           0           0
    0.392129           0           0
    0.396743           0           0
    0.401356           0           0
    0.405969           0           0
    0.410582           0           0
    0.415196           0           0
    0.419809           0           0
    0.424422           0           0
    0.429036           0           0
    0.433649           0           0
    0.438262           0           0
    0.442875           0           0
    0.447489           0           0
    0.452102           0           0
    0.456715           0           0
    0.461329           0           0
    0.465942           0           0
    0.470555           0           0
    0.475168           0           0
    0.479782           0           0
    0.484395           0           0
    0.489008           0           0
    0.493622           0           0
    0.498235           0           0
    0.502848           0           0
    0.507461           0           0
    0.512075           0           0
    0.516688           0           0
    0.521301           0           0
    0.525915           0           0
    0.530528           0           0
    0.535141           0           0
    0.539754           0           0
    0.544368           0           0
    0.548981           0           0
    0.553594           0           0
    0.558208           0           0
    0.562821           0           0
    0.567434           0           0
    0.572047           0           0
    0.576661           0           0
    0.581274           0           0
    0.585887           0           0
    0.590501           0           0
    0.595114           0           0
    0.599727           0           0
     0.60434           0           0
    0.608954           0           0
    0.613567           0           0
     0.61818           0           0
    0.622794           0           0
    0.627407           0           0
     0.63202           0           0
    0.636633           0           0
    0.641247           0           0
     0.64586           0           0
    0.650473           0           0
    0.655087           0           0
      0.6597           0           0
    0.664313           0           0
    0.668926           0           0
     0.67354           0           0
    0.678153           0           0
    0.682766           0           0
     0.68738           0           0
    0.691993           0           0
    0.696606           0           0
    0.701219           0           0
    0.705833           0           0
    0.710446           0           0
    0.715059           0           0
    0.719673           0           0
    0.724286           0           0
    0.728899           0           0
    0.733512           0           0
    0.738126           0           0
    0.742739           0           0
    0.747352           0           0
    0.751966           0           0
    0.756579           0           0
    0.761192           0           0
    0.765805           0           0
    0.770419           0           0
    0.775032           0           0
    0.779645           0           0
    0.784259           0           0
    0.788872           0           0
    0.793485           0           0
    0.798098           0           0
    0.802712           0           0
    0.807325           0           0
    0.811938           0           0
    0.816552           0           0
    0.821165           0           0
    0.825778           0           0
    0.830391           0           0
    0.835005           0           0
    0.839618           0           0
    0.844231           0           0
    0.848845           0           0
    0.853458           0           0
    0.858071           0           0
    0.862684           0           0
    0.867298           0           0
    0.871911           0           0
    0.876524           0           0
    0.881138 2.97662e-06  2.9617e-06
    0.885751 1.25196e-05 1.24568e-05
    0.890364 5.39351e-05 2.34056e-05
    0.894977 0.000156539 3.65711e-05
    0.899591 0.000539796 8.80027e-05
    0.904204  0.00101704 0.000105006
    0.908817  0.00229548 0.000168085
    0.913431  0.00437998 0.000216981
    0.918044  0.00826508 0.000272434
    0.922657   0.0154927 0.000423914
     0.92727   0.0256175  0.00051204
    0.931884    0.041071 0.000676636
    0.936497   0.0641591 0.000905728
     0.94111   0.0998137   0.0010753
    0.945724    0.144341  0.00123439
    0.950337    0.205077  0.00140072
     0.95495    0.285474  0.00189811
    0.959563     0.38406  0.00184077
    0.964177    0.508379  0.00224376
     0.96879    0.652926  0.00275965
    0.973403     0.81693  0.00274107
    0.978017     1.01603  0.00293026
     0.98263     1.22303  0.00334989
    0.987243     1.46098  0.00362599
    0.991856     1.71355  0.00425932
     0.99647      1.9873  0.00433378
     1.00108     2.27497  0.00474707
      1.0057     2.55743  0.00528158
     1.01031     2.84971   0.0050724
     1.01492     3.12033  0.00510268
     1.01954     3.39473  0.00573586
     1.02415     3.66036  0.00522184
     1.02876     3.89452  0.00627128
     1.03338     4.11194  0.00632514
     1.03799     4.32047  0.00600263
      1.0426     4.48825  0.00555394
     1.04722     4.62853  0.00682162
     1.05183     4.73622  0.00576706
     1.05644     4.81219  0.00647372
     1.06106     4.85833  0.00664618
     1.06567     4.88043  0.00632416
     1.07028     4.87651  0.00723378
      1.0749      4.8374   0.0062539
     1.07951     4.77038  0.00673957
     1.08412     4.69636  0.00603815
     1.08874     4.58761  0.00625863
     1.09335     4.46264  0.00686454
     1.09796     4.31491  0.00549663
     1.10258     4.16027  0.00537232
     1.10719      3.9934  0.00595275
      1.1118     3.80672  0.00585295
     1.11642     3.61977  0.00540813
     1.12103     3.43347  0.00522161
     1.12564      3.2454  0.00527375
     1.13026     3.05481  0.00471567
     1.13487     2.86519  0.00477908
     1.13948     2.67391  0.00444066
     1.14409     2.49372  0.00467414
     1.14871      2.3171  0.00428784
     1.15332     2.14753  0.00407906
     1.15793       1.981  0.00434133
     1.16255     1.81708  0.00403553
     1.16716     1.67139  0.00352091
     1.17177     1.52531  0.00352393
     1.17639     1.38456  0.00301863
       1.181     1.25951  0.00275558
     1.18561     1.14038  0.00254937
     1.19023     1.02889  0.00253957
     1.19484    0.927536  0.00264514
     1.19945     0.83682  0.00257871
     1.20407    0.750699  0.00225959
     1.20868    0.666359  0.00220915
     1.21329    0.592688  0.00217309
     1.21791    0.528214  0.00178177
     1.22252    0.467572  0.00187041
     1.22713    0.413804  0.00168953
     1.23175    0.364657  0.00165366
     1.23636    0.319377  0.00174177
     1.24097     0.28012   0.0016478
     1.24559    0.244357   0.0015119
      1.2502    0.211736  0.00129373
     1.25481     0.18494  0.00124884
     1.25943    0.158839 0.000998497
     1.26404    0.138204   0.0010468
     1.26865    0.120638  0.00102089
     1.27327    0.105627 0.000973283
     1.27788   0.0915417 0.000880998
     1.28249   0.0796156 0.000836406
     1.28711    0.069537 0.000773694
     1.29172   0.0615107 0.000780459
     1.29633   0.0550842 0.000716699
     1.30095   0.0511646 0.000660923
     1.30556   0.0470469 0.000602688
     1.31017   0.0448711 0.000599945
     1.31479   0.0430507 0.000666504
      1.3194   0.0420332 0.000654807
     1.32401   0.0434777 0.000634405
     1.32863   0.0460434 0.000749436
     1.33324   0.0478342 0.000747731
     1.33785   0.0509941 0.000706283
     1.34247    0.055898 0.000788486
     1.34708   0.0620672 0.000888394
     1.35169   0.0687622 0.000854378
     1.35631   0.0768067 0.000917525
     1.36092    0.086328 0.000956039
     1.36553   0.0960179   0.0010005
     1.37015    0.108352  0.00100576
     1.37476    0.121365  0.00120432
     1.37937    0.135791  0.00118588
     1.38399    0.150573  0.00116385
      1.3886     0.16829  0.00125341
     1.39321    0.188629  0.00140684
     1.39783    0.207381  0.00146055
     1.40244    0.228431  0.00135143
     1.40705     0.25227  0.00136864
     1.41167    0.277353  0.00154736
     1.41628    0.305502  0.00140145
     1.42089     0.33093  0.00152185
     1.42551    0.361481  0.00143955
     1.43012    0.390351  0.00144595
     1.43473    0.419225  0.00149321
     1.43935    0.452267  0.00153869
     1.44396    0.489244  0.00155995
     1.44857    0.523337  0.00162887
     1.45319    0.556542  0.00171843
      1.4578    0.591196  0.00172493
     1.46241    0.627426  0.00187199
     1.46702     0.66571  0.00179789
     1.47164    0.699321    0.001757
     1.47625    0.732008  0.00175002
     1.48086    0.765365  0.00210517
     1.48548    0.798059  0.00196482
     1.49009    0.824889  0.00210149
      1.4947    0.851497  0.00213845
     1.49932    0.876035  0.00214312
     1.50393    0.896691  0.00199407
     1.50854    0.917149  0.00256976
     1.51316    0.932466  0.00269541
     1.51777    0.943252  0.00276642
     1.52238    0.953477  0.00254729
       1.527     0.96252  0.00259512
     1.53161    0.961877  0.00270633
     1.53622    0.963267  0.00275247
     1.54084    0.959091  0.00253279
     1.54545    0.951337  0.00260536
     1.55006    0.940329  0.00230489
     1.55468    0.925661  0.00259733
     1.55929    0.905609  0.00266408
      1.5639    0.883278  0.00256384
     1.56852    0.859324  0.00234563
     1.57313    0.832968  0.00219896
     1.57774    0.805879  0.00219186
     1.58236    0.773144  0.00199174
     1.58697    0.739267  0.00189308
     1.59158    0.705267  0.00198508
      1.5962    0.673409  0.00178909
     1.60081    0.639189  0.00176076
     1.60542     0.60484  0.00154646
     1.61004    0.569807  0.00154006
     1.61465    0.536051   0.0017684
     1.61926    0.501041  0.00163385
     1.62388    0.468081  0.00155202
     1.62849    0.434589  0.00137579
      1.6331    0.404932  0.00139366
     1.63772    0.373559  0.00141686
     1.64233    0.344757  0.00128935
     1.64694    0.319459  0.00131519
     1.65156    0.296373  0.00126719
     1.65617    0.274971  0.00126462
     1.66078    0.256453  0.00123049
      1.6654    0.238288  0.00112643
     1.67001    0.225724  0.00116984
     1.67462    0.213205  0.00125711
     1.67924    0.202888   0.0011289
     1.68385    0.198932  0.00121362
     1.68846    0.196187  0.00120155
     1.69308    0.197723  0.00122779
     1.69769    0.202392  0.00112765
      1.7023     0.21071  0.00119101
     1.70692    0.223555  0.00137477
     1.71153    0.240345  0.00137615
     1.71614    0.262297  0.00145754
     1.72076      0.2888  0.00161089
     1.72537    0.320043  0.00167482
     1.72998    0.355157  0.00168755
      1.7346    0.397506  0.00171467
     1.73921    0.443524  0.00182771
     1.74382    0.494437  0.00180607
     1.74844    0.552954   0.0018591
     1.75305    0.616998  0.00198402
     1.75766    0.683489  0.00162861
     1.76228    0.759335  0.00192253
     1.76689    0.840737  0.00212087
      1.7715    0.926354  0.00231187
     1.77612     1.01564  0.00224614
     1.78073     1.11038  0.00251376
     1.78534      1.2054  0.00214984
     1.78995     1.30914  0.00218724
     1.79457     1.41517  0.00205885
     1.79918     1.52211  0.00223456
     1.80379     1.62651  0.00217405
     1.80841     1.73381  0.00224411
     1.81302     1.83802  0.00261528
     1.81763      1.9383   0.0024543
     1.82225      2.0422  0.00251868
     1.82686     2.13734   0.0029047
     1.83147     2.22925  0.00281075
     1.83609     2.31653  0.00266179
      1.8407     2.39352  0.00266813
     1.84531     2.46287  0.00299561
     1.84993     2.52291  0.00309187
     1.85454     2.57702  0.00358355
     1.85915     2.61793  0.00348564
     1.86377     2.65608  0.00393782
     1.86838     2.68145  0.00397288
     1.87299     2.69078  0.00393071
     1.87761     2.68771  0.00409082
     1.88222     2.67527  0.00367787
     1.88683     2.65568  0.00386246
     1.89145     2.62761  0.00378537
     1.89606     2.58579  0.00390373
     1.90067     2.53153   0.0034768
     1.90529     2.47477  0.00329392
      1.9099     2.40752  0.00355547
     1.91451     2.33478  0.00331936
     1.91913     2.25182  0.00297333
     1.92374     2.17045  0.00296089
     1.92835     2.08086  0.00232441
     1.93297     1.98622  0.00227943
     1.93758     1.88875  0.00267537
     1.94219      1.7869  0.00236725
     1.94681     1.68701  0.00231178
     1.95142      1.5879  0.00217683
     1.95603     1.49022  0.00219802
     1.96065     1.39254  0.00193896
     1.96526     1.29893  0.00175953
     1.96987     1.20472   0.0016612
     1.97449     1.12019  0.00174849
      1.9791     1.03639  0.00179062
     1.98371     0.95683  0.00174553
     1.98833    0.882411  0.00174777
     1.99294    0.813547  0.00178274
     1.99755     0.74883  0.00159453
     2.00217    0.692352  0.00188869
     2.00678    0.642638   0.0020671
     2.01139    0.594181  0.00193216
     2.01601    0.556939  0.00169189
     2.02062    0.521154  0.00183769
     2.02523    0.494008  0.00174189
     2.02985    0.472716  0.00157847
     2.03446    0.458198  0.00171652
     2.03907    0.448189  0.00185468
     2.04369    0.443219  0.00167419
      2.0483    0.443424  0.00161048
     2.05291    0.451068  0.00163493
     2.05753    0.460602  0.00182979
     2.06214    0.474019  0.00149147
     2.06675    0.493857  0.00143337
     2.07137     0.51601  0.00141244
     2.07598    0.541119  0.00141737
     2.08059    0.568491  0.00141877
     2.08521    0.598491  0.00137307
     2.08982      0.6272  0.00128437
     2.09443    0.659088  0.00137149
     2.09905    0.694175  0.00121561
     2.10366    0.728464  0.00122842
     2.10827    0.761311  0.00145716
     2.11288    0.793264  0.00132373
      2.1175    0.825707  0.00130492
     2.12211    0.855749   0.0012244
     2.12672     0.88237  0.00170198
     2.13134    0.908934  0.00168041
     2.13595    0.931114   0.0016593
     2.14056    0.950598  0.00181429
     2.14518    0.969968  0.00178809
     2.14979    0.984305  0.00170223
      2.1544    0.994526  0.00178797
     2.15902     1.00225  0.00182487
     2.16363     1.00571  0.00177885
     2.16824     1.00709  0.00171324
     2.17286     1.00383  0.00179905
     2.17747      0.9956  0.00186462
     2.18208    0.986977  0.00185481
      2.1867    0.974546  0.00206691
     2.19131     0.95643  0.00186944
     2.19592    0.939273  0.00182562
     2.20054     0.91629  0.00164207
     2.20515    0.891984  0.00146582
     2.20976    0.866779   0.0014939
     2.21438     0.84017  0.00156208
     2.21899    0.815281  0.00156684
      2.2236    0.788199  0.00144217
     2.22822    0.760976   0.0014072
     2.23283    0.734929  0.00145406
     2.23744    0.710364  0.00139084
     2.24206    0.685572  0.00137686
     2.24667    0.662536  0.00144399
     2.25128    0.642168  0.00134123
      2.2559    0.623671  0.00160165
     2.26051    0.606756  0.00159024
     2.26512    0.594971  0.00159386
     2.26974    0.582988  0.00157297
     2.27435    0.576527   0.0015545
     2.27896    0.572271   0.0016278
     2.28358    0.572926  0.00172939
     2.28819    0.576462  0.00181499
      2.2928    0.583653  0.00178896
     2.29742    0.596531  0.00180632
     2.30203    0.613282  0.00179685
