           0           0           0
  0.00461329           0           0
  0.00922657           0           0
   0.0138399           0           0
   0.0184531           0           0
   0.0230664           0           0
   0.0276797           0           0
    0.032293           0           0
   0.0369063           0           0
   0.0415196           0           0
   0.0461329           0           0
   0.0507461           0           0
   0.0553594           0           0
   0.0599727           0           0
    0.064586           0           0
   0.0691993           0           0
   0.0738126           0           0
   0.0784259           0           0
   0.0830391           0           0
   0.0876524           0           0
   0.0922657           0           0
    0.096879           0           0
    0.101492           0           0
    0.106106           0           0
    0.110719           0           0
    0.115332           0           0
    0.119945           0           0
    0.124559           0           0
    0.129172           0           0
    0.133785           0           0
    0.138399           0           0
    0.143012           0           0
    0.147625           0           0
    0.152238           0           0
    0.156852           0           0
    0.161465           0           0
    0.166078           0           0
    0.170692           0           0
    0.175305           0           0
    0.179918           0           0
    0.184531           0           0
    0.189145           0           0
    0.193758           0           0
    0.198371           0           0
    0.202985           0           0
    0.207598           0           0
    0.212211           0           0
    0.216824           0           0
    0.221438           0           0
    0.226051           0           0
    0.230664           0           0
    0.235278           0           0
    0.239891           0           0
    0.244504           0           0
    0.249117           0           0
    0.253731           0           0
    0.258344           0           0
    0.262957           0           0
    0.267571           0           0
    0.272184           0           0
    0.276797           0           0
     0.28141           0           0
    0.286024           0           0
    0.290637           0           0
     0.29525           0           0
    0.299864           0           0
    0.304477           0           0
     0.30909           0           0
    0.313703           0           0
    0.318317           0           0
     0.32293           0           0
    0.327543           0           0
    0.332157           0           0
     0.33677           0           0
    0.341383           0           0
    0.345996           0           0
     0.35061           0           0
    0.355223           0           0
    0.359836           0           0
     0.36445           0           0
    0.369063           0           0
    0.373676           0           0
    0.378289           0           0
    0.382903           0           0
    0.387516           0           0
    0.392129           0           0
    0.396743           0           0
    0.401356           0           0
    0.405969           0           0
    0.410582           0           0
    0.415196           0           0
    0.419809           0           0
    0.424422           0           0
    0.429036           0           0
    0.433649           0           0
    0.438262           0           0
    0.442875           0           0
    0.447489           0           0
    0.452102           0           0
    0.456715           0           0
    0.461329           0           0
    0.465942           0           0
    0.470555           0           0
    0.475168           0           0
    0.479782           0           0
    0.484395           0           0
    0.489008           0           0
    0.493622           0           0
    0.498235           0           0
    0.502848           0           0
    0.507461           0           0
    0.512075           0           0
    0.516688           0           0
    0.521301           0           0
    0.525915           0           0
    0.530528           0           0
    0.535141           0           0
    0.539754           0           0
    0.544368           0           0
    0.548981           0           0
    0.553594           0           0
    0.558208           0           0
    0.562821           0           0
    0.567434           0           0
    0.572047           0           0
    0.576661           0           0
    0.581274           0           0
    0.585887           0           0
    0.590501           0           0
    0.595114           0           0
    0.599727           0           0
     0.60434           0           0
    0.608954           0           0
    0.613567           0           0
     0.61818           0           0
    0.622794           0           0
    0.627407           0           0
     0.63202           0           0
    0.636633           0           0
    0.641247           0           0
     0.64586           0           0
    0.650473           0           0
    0.655087           0           0
      0.6597           0           0
    0.664313           0           0
    0.668926           0           0
     0.67354           0           0
    0.678153           0           0
    0.682766           0           0
     0.68738           0           0
    0.691993           0           0
    0.696606           0           0
    0.701219           0           0
    0.705833           0           0
    0.710446           0           0
    0.715059           0           0
    0.719673           0           0
    0.724286           0           0
    0.728899           0           0
    0.733512           0           0
    0.738126           0           0
    0.742739           0           0
    0.747352           0           0
    0.751966           0           0
    0.756579           0           0
    0.761192           0           0
    0.765805           0           0
    0.770419           0           0
    0.775032           0           0
    0.779645           0           0
    0.784259           0           0
    0.788872           0           0
    0.793485           0           0
    0.798098           0           0
    0.802712           0           0
    0.807325           0           0
    0.811938           0           0
    0.816552           0           0
    0.821165           0           0
    0.825778           0           0
    0.830391           0           0
    0.835005           0           0
    0.839618           0           0
    0.844231           0           0
    0.848845           0           0
    0.853458           0           0
    0.858071           0           0
    0.862684           0           0
    0.867298           0           0
    0.871911           0           0
    0.876524 9.39987e-06 9.16186e-06
    0.881138 2.79059e-05 2.71993e-05
    0.885751 4.60278e-05 2.87443e-05
    0.890364 7.28853e-05 3.50494e-05
    0.894977 0.000144275  4.7028e-05
    0.899591  0.00042841 6.72655e-05
    0.904204  0.00111316 0.000133458
    0.908817  0.00205516 0.000236893
    0.913431   0.0041729 0.000269329
    0.918044  0.00801378 0.000312309
    0.922657   0.0137467 0.000497549
     0.92727   0.0253812 0.000641441
    0.931884   0.0401633  0.00102429
    0.936497   0.0623314  0.00123643
     0.94111   0.0943019  0.00143564
    0.945724    0.135988  0.00170976
    0.950337     0.19712  0.00155956
     0.95495    0.271607   0.0031912
    0.959563     0.37032   0.0033584
    0.964177    0.486718  0.00355556
     0.96879    0.627461  0.00394941
    0.973403    0.788381  0.00455417
    0.978017    0.977518  0.00348797
     0.98263     1.19359  0.00532054
    0.987243       1.433  0.00672641
    0.991856      1.6739  0.00517589
     0.99647     1.94414  0.00537638
     1.00108     2.22721  0.00581768
      1.0057     2.50004  0.00716743
     1.01031     2.79512  0.00773829
     1.01492     3.09696  0.00618523
     1.01954     3.36836  0.00652783
     1.02415     3.64028   0.0070444
     1.02876     3.87785  0.00892878
     1.03338     4.11637  0.00815307
     1.03799     4.30809    0.010554
      1.0426     4.49384  0.00499424
     1.04722      4.6505  0.00755017
     1.05183      4.7457  0.00850413
     1.05644     4.85881   0.0117873
     1.06106      4.9048  0.00762261
     1.06567     4.94614  0.00873678
     1.07028     4.92846   0.0102292
      1.0749     4.90188  0.00938537
     1.07951     4.82801  0.00547133
     1.08412     4.76042  0.00855671
     1.08874     4.63485  0.00728332
     1.09335      4.5162  0.00805601
     1.09796     4.37036  0.00658561
     1.10258     4.21552   0.0101795
     1.10719     4.04008  0.00779876
      1.1118     3.86544  0.00895772
     1.11642     3.66633  0.00597059
     1.12103     3.48183  0.00694421
     1.12564     3.27811  0.00655829
     1.13026     3.08182  0.00514855
     1.13487      2.8887  0.00545295
     1.13948     2.69616  0.00606294
     1.14409     2.50871  0.00591807
     1.14871     2.32099  0.00500517
     1.15332     2.14174  0.00522466
     1.15793     1.97638   0.0051778
     1.16255     1.80452  0.00419913
     1.16716     1.65845  0.00440309
     1.17177     1.50631   0.0042317
     1.17639      1.3769  0.00347403
       1.181     1.24265  0.00413145
     1.18561     1.12184   0.0028388
     1.19023     1.01479  0.00322393
     1.19484    0.906736  0.00341357
     1.19945    0.816492  0.00351182
     1.20407    0.726693  0.00238173
     1.20868    0.639576  0.00245337
     1.21329    0.573677  0.00341613
     1.21791    0.507968  0.00275689
     1.22252    0.449813  0.00273594
     1.22713    0.394797   0.0024355
     1.23175    0.348226  0.00299476
     1.23636    0.306188  0.00140187
     1.24097    0.266684  0.00195007
     1.24559    0.228949  0.00147071
      1.2502    0.201197  0.00163055
     1.25481    0.174549  0.00175336
     1.25943    0.151755  0.00158434
     1.26404     0.13328  0.00143818
     1.26865    0.115182  0.00139782
     1.27327    0.101843  0.00140941
     1.27788   0.0873561  0.00143231
     1.28249   0.0742042 0.000986274
     1.28711   0.0685695 0.000951695
     1.29172   0.0584695  0.00114984
     1.29633   0.0525016 0.000848031
     1.30095   0.0476297 0.000762098
     1.30556   0.0443742 0.000861078
     1.31017   0.0421915  0.00086609
     1.31479   0.0402308 0.000589461
      1.3194   0.0396014 0.000740901
     1.32401   0.0411794 0.000967113
     1.32863   0.0431158 0.000783974
     1.33324   0.0449512 0.000808906
     1.33785    0.049024 0.000877998
     1.34247   0.0529276 0.000773704
     1.34708   0.0590893  0.00101037
     1.35169   0.0660569 0.000905751
     1.35631   0.0736799  0.00105671
     1.36092   0.0826399  0.00145257
     1.36553   0.0926804  0.00111406
     1.37015    0.105066  0.00116944
     1.37476    0.119402   0.0013939
     1.37937    0.132255  0.00194876
     1.38399    0.147948  0.00156178
      1.3886    0.163244  0.00137977
     1.39321    0.183106   0.0017439
     1.39783    0.201377  0.00145677
     1.40244    0.223352  0.00155488
     1.40705     0.24519  0.00152621
     1.41167    0.269596  0.00136519
     1.41628    0.298769  0.00152893
     1.42089    0.327976  0.00214704
     1.42551    0.354396  0.00187775
     1.43012    0.387662  0.00183908
     1.43473    0.419179    0.002214
     1.43935    0.451072  0.00209448
     1.44396    0.484057  0.00202354
     1.44857    0.522004  0.00212883
     1.45319    0.556311  0.00209015
      1.4578    0.593894  0.00204575
     1.46241    0.629409  0.00190868
     1.46702    0.662823  0.00246682
     1.47164    0.694794  0.00208973
     1.47625    0.737383  0.00216041
     1.48086    0.761869  0.00229872
     1.48548    0.796172  0.00221252
     1.49009    0.830564   0.0028508
      1.4947    0.856929  0.00278337
     1.49932    0.884287  0.00248472
     1.50393    0.907323  0.00207623
     1.50854     0.92344  0.00253802
     1.51316    0.942464  0.00372053
     1.51777    0.954614   0.0034039
     1.52238    0.967012   0.0035904
       1.527    0.973368  0.00297054
     1.53161    0.978398  0.00295235
     1.53622    0.976622  0.00375133
     1.54084    0.966788  0.00333021
     1.54545      0.9598  0.00347513
     1.55006     0.94976  0.00299096
     1.55468    0.936806   0.0034096
     1.55929    0.916408  0.00388578
      1.5639    0.887027  0.00256625
     1.56852    0.866943  0.00255552
     1.57313    0.845905  0.00256436
     1.57774    0.811367  0.00196883
     1.58236    0.777094  0.00269694
     1.58697    0.747634  0.00260696
     1.59158     0.71461  0.00248913
      1.5962    0.677786  0.00201436
     1.60081    0.643142  0.00222207
     1.60542    0.600825  0.00164227
     1.61004    0.568317  0.00131078
     1.61465    0.532705  0.00162764
     1.61926    0.496961  0.00129519
     1.62388    0.464737  0.00218715
     1.62849    0.430001  0.00196933
      1.6331    0.399017   0.0011321
     1.63772    0.367681    0.001568
     1.64233    0.340681  0.00163478
     1.64694    0.315044  0.00188977
     1.65156    0.290558  0.00119442
     1.65617    0.266638  0.00175718
     1.66078    0.248632 0.000944388
      1.6654    0.231863  0.00173056
     1.67001    0.217351  0.00141095
     1.67462    0.204446  0.00127872
     1.67924    0.196484  0.00130739
     1.68385    0.190183  0.00107712
     1.68846    0.187613  0.00174081
     1.69308    0.188843  0.00138247
     1.69769    0.193357  0.00162817
      1.7023    0.200719  0.00199901
     1.70692     0.21243  0.00189987
     1.71153    0.229126  0.00189601
     1.71614    0.249598  0.00206954
     1.72076    0.274995  0.00213156
     1.72537     0.30419  0.00228001
     1.72998    0.337248  0.00183903
      1.7346    0.379976  0.00187939
     1.73921    0.430583  0.00283976
     1.74382    0.477652  0.00297767
     1.74844    0.534402  0.00205684
     1.75305     0.59661  0.00270407
     1.75766    0.667497  0.00318326
     1.76228    0.740012   0.0025858
     1.76689    0.822538  0.00318377
      1.7715    0.905025  0.00353168
     1.77612    0.995343  0.00230199
     1.78073      1.0947  0.00265063
     1.78534     1.19003   0.0021647
     1.78995      1.2951  0.00297328
     1.79457     1.39824  0.00253691
     1.79918     1.50861  0.00240205
     1.80379     1.61565  0.00244722
     1.80841     1.72879  0.00319809
     1.81302     1.83446  0.00351793
     1.81763     1.94393  0.00231196
     1.82225     2.04775  0.00349638
     1.82686     2.14412  0.00347335
     1.83147      2.2429  0.00329004
     1.83609     2.32445  0.00423959
      1.8407     2.41423  0.00331369
     1.84531     2.48756  0.00471547
     1.84993     2.55271  0.00366745
     1.85454     2.61238  0.00445769
     1.85915     2.65712   0.0051917
     1.86377     2.69242  0.00569357
     1.86838     2.71133  0.00482871
     1.87299      2.7198  0.00462196
     1.87761     2.73377  0.00585021
     1.88222     2.72186  0.00569492
     1.88683     2.69984  0.00571203
     1.89145     2.66236  0.00433904
     1.89606     2.62414  0.00379572
     1.90067      2.5688  0.00453629
     1.90529     2.50836  0.00408034
      1.9099     2.43753  0.00366979
     1.91451     2.35985  0.00370875
     1.91913     2.28144   0.0042459
     1.92374     2.18714  0.00436269
     1.92835     2.09902  0.00210349
     1.93297     1.99168  0.00296588
     1.93758     1.89496  0.00294002
     1.94219     1.79304  0.00357609
     1.94681     1.69344   0.0023843
     1.95142     1.58984  0.00233935
     1.95603     1.48375  0.00312741
     1.96065      1.3901  0.00205643
     1.96526     1.28966  0.00218132
     1.96987     1.19636    0.002862
     1.97449     1.10132  0.00280418
      1.9791     1.02336  0.00233356
     1.98371    0.942707  0.00168251
     1.98833    0.865489  0.00255488
     1.99294    0.792837  0.00197555
     1.99755    0.734247  0.00289387
     2.00217    0.673415  0.00207632
     2.00678    0.619787  0.00224713
     2.01139    0.573185  0.00207583
     2.01601    0.533092  0.00266104
     2.02062    0.498774  0.00236718
     2.02523     0.47425  0.00261038
     2.02985    0.454566  0.00229319
     2.03446    0.436477  0.00211376
     2.03907    0.428637  0.00169524
     2.04369    0.423168  0.00224116
      2.0483    0.424827  0.00235594
     2.05291    0.427524  0.00206023
     2.05753    0.439969  0.00164349
     2.06214    0.454378  0.00194147
     2.06675    0.474348  0.00191736
     2.07137    0.496357  0.00170048
     2.07598    0.523986  0.00236405
     2.08059    0.553517  0.00240303
     2.08521    0.585659  0.00233912
     2.08982     0.61503  0.00157812
     2.09443    0.653007  0.00198603
     2.09905    0.687898  0.00189937
     2.10366    0.724123  0.00141735
     2.10827    0.758334  0.00192177
     2.11288    0.792475  0.00240375
      2.1175    0.826715  0.00205627
     2.12211    0.857056  0.00182905
     2.12672    0.891768  0.00220116
     2.13134    0.919689  0.00172006
     2.13595    0.946222  0.00193735
     2.14056    0.970258  0.00199975
     2.14518    0.989034  0.00149213
     2.14979     1.00731   0.0023037
      2.1544     1.01788  0.00262433
     2.15902     1.02776  0.00232093
     2.16363     1.03188  0.00213504
     2.16824       1.039  0.00243069
     2.17286     1.03192  0.00253284
     2.17747     1.02322  0.00237505
     2.18208      1.0158  0.00260226
      2.1867     1.00581  0.00245304
     2.19131    0.987973  0.00197105
     2.19592    0.966002  0.00238667
     2.20054    0.910733  0.00241346
     2.20515     0.88554  0.00178318
     2.20976    0.861059  0.00202433
     2.21438    0.837698  0.00200592
     2.21899    0.809921  0.00167105
      2.2236    0.781665  0.00128474
     2.22822    0.755057  0.00160233
     2.23283    0.726217  0.00170145
     2.23744    0.703073  0.00144981
     2.24206    0.674048  0.00145415
     2.24667    0.651347  0.00120537
     2.25128     0.63047  0.00198729
      2.2559    0.608479  0.00177889
     2.26051    0.595852  0.00212468
     2.26512    0.580602  0.00219421
     2.26974    0.566588  0.00208279
     2.27435    0.562184   0.0019611
     2.27896    0.556185  0.00250052
     2.28358    0.554871  0.00245059
     2.28819    0.559835  0.00250254
      2.2928    0.566669  0.00265019
     2.29742    0.581184  0.00227193
     2.30203    0.593644  0.00251696
