           0           0           0
  0.00512993           0           0
   0.0102599           0           0
   0.0153898           0           0
   0.0205197           0           0
   0.0256496           0           0
   0.0307796           0           0
   0.0359095           0           0
   0.0410394           0           0
   0.0461694           0           0
   0.0512993           0           0
   0.0564292           0           0
   0.0615591           0           0
   0.0666891           0           0
    0.071819           0           0
   0.0769489           0           0
   0.0820788           0           0
   0.0872088           0           0
   0.0923387           0           0
   0.0974686           0           0
    0.102599           0           0
    0.107728           0           0
    0.112858           0           0
    0.117988           0           0
    0.123118           0           0
    0.128248           0           0
    0.133378           0           0
    0.138508           0           0
    0.143638           0           0
    0.148768           0           0
    0.153898           0           0
    0.159028           0           0
    0.164158           0           0
    0.169288           0           0
    0.174418           0           0
    0.179547           0           0
    0.184677           0           0
    0.189807           0           0
    0.194937           0           0
    0.200067           0           0
    0.205197           0           0
    0.210327           0           0
    0.215457           0           0
    0.220587           0           0
    0.225717           0           0
    0.230847           0           0
    0.235977           0           0
    0.241107           0           0
    0.246237           0           0
    0.251366           0           0
    0.256496           0           0
    0.261626           0           0
    0.266756           0           0
    0.271886           0           0
    0.277016           0           0
    0.282146           0           0
    0.287276           0           0
    0.292406           0           0
    0.297536           0           0
    0.302666           0           0
    0.307796           0           0
    0.312926           0           0
    0.318056           0           0
    0.323185           0           0
    0.328315           0           0
    0.333445           0           0
    0.338575           0           0
    0.343705           0           0
    0.348835           0           0
    0.353965           0           0
    0.359095           0           0
    0.364225           0           0
    0.369355           0           0
    0.374485           0           0
    0.379615           0           0
    0.384745           0           0
    0.389875           0           0
    0.395004           0           0
    0.400134           0           0
    0.405264           0           0
    0.410394           0           0
    0.415524           0           0
    0.420654           0           0
    0.425784           0           0
    0.430914           0           0
    0.436044           0           0
    0.441174           0           0
    0.446304           0           0
    0.451434           0           0
    0.456564           0           0
    0.461694           0           0
    0.466823           0           0
    0.471953           0           0
    0.477083           0           0
    0.482213           0           0
    0.487343           0           0
    0.492473           0           0
    0.497603           0           0
    0.502733           0           0
    0.507863           0           0
    0.512993           0           0
    0.518123           0           0
    0.523253           0           0
    0.528383           0           0
    0.533512           0           0
    0.538642           0           0
    0.543772           0           0
    0.548902           0           0
    0.554032           0           0
    0.559162           0           0
    0.564292           0           0
    0.569422           0           0
    0.574552           0           0
    0.579682           0           0
    0.584812           0           0
    0.589942           0           0
    0.595072           0           0
    0.600202           0           0
    0.605331           0           0
    0.610461           0           0
    0.615591           0           0
    0.620721           0           0
    0.625851           0           0
    0.630981           0           0
    0.636111           0           0
    0.641241           0           0
    0.646371           0           0
    0.651501           0           0
    0.656631           0           0
    0.661761           0           0
    0.666891           0           0
    0.672021           0           0
     0.67715           0           0
     0.68228           0           0
     0.68741           0           0
     0.69254           0           0
     0.69767           0           0
      0.7028           0           0
     0.70793           0           0
     0.71306           0           0
     0.71819           0           0
     0.72332           0           0
     0.72845           0           0
     0.73358           0           0
     0.73871           0           0
     0.74384           0           0
    0.748969           0           0
    0.754099           0           0
    0.759229           0           0
    0.764359           0           0
    0.769489           0           0
    0.774619           0           0
    0.779749           0           0
    0.784879           0           0
    0.790009           0           0
    0.795139           0           0
    0.800269           0           0
    0.805399           0           0
    0.810529           0           0
    0.815659           0           0
    0.820788           0           0
    0.825918           0           0
    0.831048           0           0
    0.836178           0           0
    0.841308           0           0
    0.846438           0           0
    0.851568           0           0
    0.856698           0           0
    0.861828           0           0
    0.866958 1.04485e-05 1.03961e-05
    0.872088 4.31828e-05 2.31254e-05
    0.877218  0.00017165 4.29095e-05
    0.882348 0.000551185 8.07841e-05
    0.887478  0.00138978  0.00013155
    0.892607  0.00344056  0.00021268
    0.897737  0.00630497 0.000303469
    0.902867   0.0109747  0.00038706
    0.907997   0.0187795 0.000509751
    0.913127   0.0318154 0.000689197
    0.918257    0.049854 0.000827747
    0.923387   0.0767268 0.000887052
    0.928517    0.111153  0.00116214
    0.933647    0.158478  0.00148862
    0.938777    0.212595  0.00195443
    0.943907    0.280813  0.00187015
    0.949037    0.359872  0.00223825
    0.954167    0.456605  0.00266364
    0.959297    0.560479  0.00291033
    0.964426    0.676674  0.00307382
    0.969556    0.797226  0.00334119
    0.974686    0.932771  0.00373302
    0.979816     1.07034  0.00407793
    0.984946     1.21226  0.00442083
    0.990076     1.35595  0.00451933
    0.995206     1.49393  0.00487206
     1.00034     1.63328  0.00471632
     1.00547     1.76869  0.00433163
      1.0106     1.89749  0.00516271
     1.01573     2.01234  0.00489099
     1.02086      2.1171  0.00597562
     1.02599     2.20948  0.00543529
     1.03112     2.29006  0.00563966
     1.03625     2.35611  0.00586322
     1.04138     2.41669  0.00641129
     1.04651     2.47298  0.00671605
     1.05164     2.51976  0.00677041
     1.05677     2.54689  0.00597675
      1.0619     2.56924  0.00585755
     1.06702     2.58136   0.0059061
     1.07215     2.58818  0.00589797
     1.07728     2.58271  0.00531763
     1.08241     2.57406  0.00544358
     1.08754     2.56082  0.00556375
     1.09267      2.5296   0.0058832
      1.0978     2.50074   0.0050086
     1.10293     2.47781  0.00539257
     1.10806     2.43795  0.00527159
     1.11319     2.40222  0.00493234
     1.11832      2.3598  0.00536679
     1.12345     2.31674  0.00552937
     1.12858     2.27566  0.00491287
     1.13371     2.23396  0.00504428
     1.13884     2.18748  0.00531552
     1.14397     2.14354  0.00499662
      1.1491     2.09651    0.004734
     1.15423     2.04823  0.00444681
     1.15936     1.99906  0.00477153
     1.16449     1.96128  0.00530781
     1.16962     1.91329   0.0046457
     1.17475     1.87113  0.00403741
     1.17988     1.83017  0.00384476
     1.18501     1.78795  0.00427831
     1.19014     1.74672  0.00492562
     1.19527     1.70056  0.00462365
      1.2004     1.66554   0.0046477
     1.20553     1.62703  0.00414559
     1.21066     1.58918  0.00418481
     1.21579     1.55403  0.00441956
     1.22092     1.51288  0.00452754
     1.22605     1.47839  0.00436687
     1.23118      1.4451  0.00417833
     1.23631     1.40686  0.00431292
     1.24144      1.3818     0.00452
     1.24657     1.34843  0.00451656
      1.2517     1.31668  0.00430023
     1.25683     1.29057  0.00385817
     1.26196     1.26316  0.00430776
     1.26709     1.23737  0.00405454
     1.27222     1.21291  0.00424615
     1.27735     1.18787   0.0043103
     1.28248     1.16258  0.00440558
     1.28761     1.14058  0.00397309
     1.29274     1.11879  0.00389533
     1.29787     1.09582  0.00325239
       1.303     1.07363  0.00305835
     1.30813     1.05788    0.003517
     1.31326     1.03855  0.00358005
     1.31839     1.02302  0.00377943
     1.32352     1.00258  0.00343369
     1.32865    0.981785  0.00328313
     1.33378    0.967046  0.00326973
     1.33891    0.958106  0.00347197
     1.34404     0.93724  0.00320418
     1.34917    0.922707  0.00320505
      1.3543    0.911637  0.00308911
     1.35943    0.895927  0.00284087
     1.36456    0.883499  0.00277047
     1.36969    0.868932   0.0028582
     1.37482    0.854818   0.0031178
     1.37995    0.841784  0.00296983
     1.38508    0.831015  0.00279066
     1.39021     0.81819  0.00265825
     1.39534    0.807939  0.00269862
     1.40047    0.803969  0.00291329
      1.4056    0.791536  0.00315976
     1.41073    0.782754  0.00292041
     1.41586    0.774259  0.00260753
     1.42099    0.766614  0.00287223
     1.42612    0.761084  0.00287109
     1.43125     0.75603  0.00247237
     1.43638    0.748332  0.00263594
     1.44151    0.741686  0.00263781
     1.44664    0.737339  0.00247643
     1.45177    0.731061  0.00236511
      1.4569    0.723323   0.0022809
     1.46203    0.715995  0.00247805
     1.46716    0.714735  0.00218705
     1.47229    0.712026   0.0022435
     1.47742    0.704927   0.0025453
     1.48255    0.699694  0.00230899
     1.48768     0.69735  0.00241485
     1.49281    0.692889  0.00249384
     1.49794    0.689956  0.00240461
     1.50307    0.688711  0.00241046
      1.5082    0.683629  0.00206749
     1.51333    0.679625  0.00252351
     1.51846    0.678654  0.00250058
     1.52359    0.676328  0.00243968
     1.52872     0.67726  0.00240278
     1.53385    0.675738  0.00247676
     1.53898    0.671405   0.0023529
     1.54411    0.673035  0.00212952
     1.54924    0.673276  0.00243043
     1.55437     0.67353  0.00230597
      1.5595    0.671358  0.00258284
     1.56463    0.671869  0.00266381
     1.56976    0.671683  0.00257263
     1.57489    0.669971  0.00246426
     1.58002    0.674491   0.0025627
     1.58515    0.674171   0.0026566
     1.59028    0.677428   0.0027189
     1.59541    0.678074  0.00233343
     1.60054    0.680021  0.00247196
     1.60567    0.680757  0.00239551
      1.6108    0.682855   0.0024911
     1.61593    0.684256  0.00239044
     1.62106    0.685526  0.00234496
     1.62619    0.688318  0.00245835
     1.63132    0.695037  0.00257299
     1.63645    0.699903  0.00277027
     1.64158      0.7015  0.00263435
     1.64671     0.70344  0.00244021
     1.65184    0.707882  0.00231943
     1.65697    0.710394  0.00251146
      1.6621    0.716057  0.00245274
     1.66723    0.718782  0.00236302
     1.67236    0.723714   0.0023067
     1.67749    0.729036  0.00215083
     1.68262    0.735033  0.00243666
     1.68775    0.737726  0.00221026
     1.69288     0.74359  0.00222089
     1.69801     0.75001   0.0023258
     1.70314    0.756462  0.00242674
     1.70827     0.76224  0.00250096
      1.7134    0.764797  0.00239035
     1.71853    0.769955  0.00254182
     1.72366    0.776275   0.0025202
     1.72879    0.783154  0.00244202
     1.73392     0.79108  0.00234451
     1.73905    0.797269  0.00213826
     1.74418    0.806906  0.00198739
     1.74931    0.810941  0.00203108
     1.75444    0.819703  0.00213733
     1.75957    0.830052  0.00223786
      1.7647    0.836918  0.00227476
     1.76983    0.843334  0.00219312
     1.77496     0.85141  0.00237078
     1.78008    0.858333  0.00242727
     1.78521     0.86512  0.00250874
     1.79034    0.874402  0.00221521
     1.79547    0.884622  0.00218188
      1.8006    0.890362  0.00221332
     1.80573    0.899438  0.00209152
     1.81086    0.908432  0.00225855
     1.81599    0.913665  0.00233051
     1.82112    0.923226  0.00214114
     1.82625    0.933473  0.00226774
     1.83138    0.942664  0.00245145
     1.83651    0.948976  0.00234605
     1.84164    0.957821  0.00249282
     1.84677    0.967026   0.0025455
      1.8519    0.973588  0.00269021
     1.85703    0.983778  0.00248524
     1.86216    0.991363  0.00279928
     1.86729     1.00079   0.0027149
     1.87242     1.00621  0.00259306
     1.87755      1.0123  0.00274302
     1.88268     1.02217  0.00240725
     1.88781     1.02893  0.00270125
     1.89294     1.03711  0.00277169
     1.89807     1.04629  0.00267702
      1.9032     1.05183  0.00278595
     1.90833     1.06142  0.00298078
     1.91346     1.06842  0.00252202
     1.91859     1.07175  0.00230665
     1.92372     1.08095  0.00219015
     1.92885     1.09101  0.00238921
     1.93398     1.09894  0.00245837
     1.93911     1.10591  0.00220563
     1.94424     1.11179  0.00205219
     1.94937     1.11871  0.00195446
      1.9545     1.12606  0.00211337
     1.95963      1.1307  0.00199528
     1.96476     1.13474   0.0022434
     1.96989     1.14139  0.00211667
     1.97502     1.14996  0.00239309
     1.98015     1.15654  0.00207255
     1.98528     1.16237   0.0023161
     1.99041     1.16662  0.00238451
     1.99554     1.16939  0.00243548
     2.00067     1.17538  0.00240384
      2.0058     1.18148  0.00236383
     2.01093     1.18731  0.00236112
     2.01606     1.19105  0.00241665
     2.02119     1.19367  0.00222864
     2.02632     1.19557  0.00207219
     2.03145     1.20146  0.00216585
     2.03658     1.20495  0.00226623
     2.04171     1.20346   0.0023658
     2.04684     1.20879  0.00237554
     2.05197     1.20854  0.00239158
      2.0571     1.21017  0.00241903
     2.06223     1.21502  0.00245122
     2.06736     1.21609  0.00234177
     2.07249      1.2172  0.00226826
     2.07762     1.21464  0.00250881
     2.08275     1.21406  0.00223846
     2.08788     1.21486  0.00222703
     2.09301     1.21624  0.00234855
     2.09814     1.21224  0.00240234
     2.10327     1.21199  0.00246113
      2.1084     1.20847  0.00253349
     2.11353     1.20592  0.00234204
     2.11866     1.20377  0.00234935
     2.12379     1.20036  0.00211256
     2.12892     1.19953  0.00209911
     2.13405     1.19584  0.00195122
     2.13918     1.19253  0.00201542
     2.14431     1.18868  0.00213514
     2.14944     1.18375  0.00222883
     2.15457      1.1789  0.00206856
      2.1597     1.17358  0.00211336
     2.16483     1.16799  0.00199556
     2.16996     1.16283  0.00200522
     2.17509      1.1606  0.00223329
     2.18022     1.15705  0.00219816
     2.18535     1.15037  0.00220586
     2.19048     1.14617  0.00227207
     2.19561     1.14249  0.00225038
     2.20074     1.13571  0.00236787
     2.20587     1.13037  0.00239207
       2.211     1.12936  0.00238272
     2.21613      1.1218  0.00232757
     2.22126     1.11601  0.00205544
     2.22639     1.10619  0.00219361
     2.23152     1.10252  0.00220052
     2.23665     1.09671  0.00224258
     2.24178     1.09132  0.00212124
     2.24691     1.08527   0.0022687
     2.25204     1.07562  0.00217058
     2.25717     1.07145  0.00208749
      2.2623     1.06594  0.00227596
     2.26743     1.05828   0.0019798
     2.27256     1.05331  0.00229732
     2.27769     1.04758  0.00208357
     2.28282     1.04371     0.00207
     2.28795     1.03885  0.00221166
     2.29308     1.03308  0.00223728
     2.29821      1.0285  0.00205521
     2.30334     1.02158  0.00211859
     2.30847     1.01748  0.00202911
      2.3136      1.0133  0.00191414
     2.31873     1.00801  0.00186004
     2.32386     1.00269  0.00182705
     2.32899    0.997118  0.00187061
     2.33412     0.99211  0.00224399
     2.33925    0.985557   0.0018967
     2.34438    0.979247  0.00189728
     2.34951    0.977082  0.00198754
     2.35464    0.973894  0.00219579
     2.35977    0.968577  0.00208685
      2.3649    0.964807  0.00211779
     2.37003    0.961394   0.0020029
     2.37516    0.955928  0.00193453
     2.38029    0.950792  0.00195796
     2.38542    0.947133  0.00195531
     2.39055    0.943671   0.0020255
     2.39568    0.941656  0.00193974
     2.40081    0.937934  0.00190654
     2.40594    0.936608  0.00185025
     2.41107      0.9346  0.00179369
      2.4162    0.930255  0.00192485
     2.42133    0.927315  0.00190897
     2.42646    0.925312    0.001944
     2.43159    0.922685  0.00200295
     2.43672    0.920647  0.00183575
     2.44185    0.916445  0.00173003
     2.44698    0.913544  0.00179226
     2.45211    0.909251  0.00175983
     2.45724    0.909226  0.00178436
     2.46237    0.906426  0.00151694
      2.4675    0.902028  0.00176813
     2.47263    0.900365  0.00155874
     2.47776    0.899014  0.00170522
     2.48289    0.898436  0.00175996
     2.48802    0.895394  0.00167143
     2.49314    0.895963  0.00178704
     2.49827    0.893253  0.00155653
      2.5034      0.8913  0.00170198
     2.50853    0.892225  0.00178886
     2.51366    0.892412  0.00160501
     2.51879    0.891604  0.00150448
     2.52392    0.892097  0.00156032
     2.52905    0.891391  0.00145143
     2.53418    0.891738  0.00151957
     2.53931    0.894667  0.00163079
     2.54444    0.892745  0.00155312
     2.54957     0.89273  0.00164447
      2.5547     0.89317  0.00162489
     2.55983    0.894015  0.00168891
