           0           0           0
  0.00512993           0           0
   0.0102599           0           0
   0.0153898           0           0
   0.0205197           0           0
   0.0256496           0           0
   0.0307796           0           0
   0.0359095           0           0
   0.0410394           0           0
   0.0461694           0           0
   0.0512993           0           0
   0.0564292           0           0
   0.0615591           0           0
   0.0666891           0           0
    0.071819           0           0
   0.0769489           0           0
   0.0820788           0           0
   0.0872088           0           0
   0.0923387           0           0
   0.0974686           0           0
    0.102599           0           0
    0.107728           0           0
    0.112858           0           0
    0.117988           0           0
    0.123118           0           0
    0.128248           0           0
    0.133378           0           0
    0.138508           0           0
    0.143638           0           0
    0.148768           0           0
    0.153898           0           0
    0.159028           0           0
    0.164158           0           0
    0.169288           0           0
    0.174418           0           0
    0.179547           0           0
    0.184677           0           0
    0.189807           0           0
    0.194937           0           0
    0.200067           0           0
    0.205197           0           0
    0.210327           0           0
    0.215457           0           0
    0.220587           0           0
    0.225717           0           0
    0.230847           0           0
    0.235977           0           0
    0.241107           0           0
    0.246237           0           0
    0.251366           0           0
    0.256496           0           0
    0.261626           0           0
    0.266756           0           0
    0.271886           0           0
    0.277016           0           0
    0.282146           0           0
    0.287276           0           0
    0.292406           0           0
    0.297536           0           0
    0.302666           0           0
    0.307796           0           0
    0.312926           0           0
    0.318056           0           0
    0.323185           0           0
    0.328315           0           0
    0.333445           0           0
    0.338575           0           0
    0.343705           0           0
    0.348835           0           0
    0.353965           0           0
    0.359095           0           0
    0.364225           0           0
    0.369355           0           0
    0.374485           0           0
    0.379615           0           0
    0.384745           0           0
    0.389875           0           0
    0.395004           0           0
    0.400134           0           0
    0.405264           0           0
    0.410394           0           0
    0.415524           0           0
    0.420654           0           0
    0.425784           0           0
    0.430914           0           0
    0.436044           0           0
    0.441174           0           0
    0.446304           0           0
    0.451434           0           0
    0.456564           0           0
    0.461694           0           0
    0.466823           0           0
    0.471953           0           0
    0.477083           0           0
    0.482213           0           0
    0.487343           0           0
    0.492473           0           0
    0.497603           0           0
    0.502733           0           0
    0.507863           0           0
    0.512993           0           0
    0.518123           0           0
    0.523253           0           0
    0.528383           0           0
    0.533512           0           0
    0.538642           0           0
    0.543772           0           0
    0.548902           0           0
    0.554032           0           0
    0.559162           0           0
    0.564292           0           0
    0.569422           0           0
    0.574552           0           0
    0.579682           0           0
    0.584812           0           0
    0.589942           0           0
    0.595072           0           0
    0.600202           0           0
    0.605331           0           0
    0.610461           0           0
    0.615591           0           0
    0.620721           0           0
    0.625851           0           0
    0.630981           0           0
    0.636111           0           0
    0.641241           0           0
    0.646371           0           0
    0.651501           0           0
    0.656631           0           0
    0.661761           0           0
    0.666891           0           0
    0.672021           0           0
     0.67715           0           0
     0.68228           0           0
     0.68741           0           0
     0.69254           0           0
     0.69767           0           0
      0.7028           0           0
     0.70793           0           0
     0.71306           0           0
     0.71819           0           0
     0.72332           0           0
     0.72845           0           0
     0.73358           0           0
     0.73871           0           0
     0.74384           0           0
    0.748969           0           0
    0.754099           0           0
    0.759229           0           0
    0.764359           0           0
    0.769489           0           0
    0.774619           0           0
    0.779749           0           0
    0.784879           0           0
    0.790009           0           0
    0.795139           0           0
    0.800269           0           0
    0.805399           0           0
    0.810529           0           0
    0.815659           0           0
    0.820788           0           0
    0.825918           0           0
    0.831048           0           0
    0.836178           0           0
    0.841308           0           0
    0.846438           0           0
    0.851568           0           0
    0.856698 4.86342e-06 2.52711e-06
    0.861828 1.63399e-05  5.2742e-06
    0.866958 4.74933e-05 1.11179e-05
    0.872088  0.00015114 1.88639e-05
    0.877218 0.000332167 2.34059e-05
    0.882348 0.000814397  4.2053e-05
    0.887478  0.00155386 5.64558e-05
    0.892607  0.00339664 7.84838e-05
    0.897737  0.00638383 0.000119153
    0.902867   0.0115214 0.000149927
    0.907997   0.0194491 0.000218201
    0.913127   0.0323618 0.000271758
    0.918257   0.0503453 0.000311601
    0.923387   0.0761439   0.0003713
    0.928517     0.10903 0.000468629
    0.933647    0.153799  0.00054806
    0.938777    0.209462 0.000713857
    0.943907    0.275501 0.000699722
    0.949037    0.355765 0.000914717
    0.954167    0.448303  0.00111673
    0.959297    0.552652  0.00100079
    0.964426    0.667992  0.00136443
    0.969556    0.789467    0.001514
    0.974686    0.919508  0.00155097
    0.979816     1.06018   0.0016165
    0.984946     1.19552  0.00186627
    0.990076     1.33872   0.0017264
    0.995206     1.47712  0.00172607
     1.00034      1.6165  0.00189846
     1.00547     1.74716  0.00172945
      1.0106     1.86972  0.00189613
     1.01573     1.98662  0.00204745
     1.02086     2.08952  0.00196546
     1.02599     2.18687   0.0019104
     1.03112     2.27105  0.00222075
     1.03625     2.34889  0.00182039
     1.04138     2.41208  0.00216312
     1.04651     2.46387  0.00196727
     1.05164     2.50923  0.00197344
     1.05677      2.5403  0.00201123
      1.0619     2.56194  0.00216883
     1.06702     2.57465  0.00166568
     1.07215     2.58199  0.00191873
     1.07728      2.5782  0.00175473
     1.08241     2.57315  0.00199215
     1.08754     2.55292   0.0019208
     1.09267     2.53516  0.00178198
      1.0978     2.50888  0.00185412
     1.10293     2.47952  0.00180823
     1.10806     2.44795  0.00180156
     1.11319      2.4105  0.00180189
     1.11832     2.36939  0.00190966
     1.12345     2.33119  0.00185462
     1.12858     2.28781  0.00188986
     1.13371     2.24366  0.00172178
     1.13884     2.20196  0.00166611
     1.14397     2.15583  0.00161346
      1.1491     2.10794  0.00162539
     1.15423     2.06606   0.0016301
     1.15936      2.0201  0.00164751
     1.16449     1.97113  0.00146131
     1.16962     1.92757  0.00149166
     1.17475     1.88314  0.00156827
     1.17988     1.83904  0.00173918
     1.18501     1.79323  0.00160821
     1.19014     1.75334   0.0014959
     1.19527     1.71358  0.00147351
      1.2004     1.67255  0.00152872
     1.20553     1.63253  0.00144697
     1.21066     1.59735  0.00131108
     1.21579     1.55972  0.00116259
     1.22092     1.52201  0.00137583
     1.22605     1.48937  0.00133713
     1.23118     1.45224  0.00113642
     1.23631     1.41831  0.00132584
     1.24144     1.38595  0.00125231
     1.24657      1.3563  0.00120787
      1.2517     1.32902  0.00131909
     1.25683     1.29656  0.00118904
     1.26196     1.27102  0.00111911
     1.26709     1.24422  0.00120588
     1.27222     1.21956  0.00125255
     1.27735     1.19182  0.00116037
     1.28248     1.17041 0.000975587
     1.28761     1.14647  0.00128142
     1.29274     1.12523  0.00112658
     1.29787     1.10236  0.00111819
       1.303       1.082   0.0011014
     1.30813      1.0619  0.00112486
     1.31326     1.04306 0.000977151
     1.31839     1.02334 0.000855096
     1.32352     1.00507 0.000945428
     1.32865     0.98676 0.000975647
     1.33378    0.973308 0.000971123
     1.33891    0.955517 0.000957054
     1.34404      0.9401  0.00105018
     1.34917     0.92627 0.000892941
      1.3543    0.910853 0.000964073
     1.35943    0.897478  0.00108362
     1.36456    0.888094 0.000799458
     1.36969     0.87271 0.000822425
     1.37482    0.859512 0.000851718
     1.37995    0.850052 0.000955971
     1.38508    0.837333  0.00101883
     1.39021    0.827473 0.000806979
     1.39534    0.816982 0.000973549
     1.40047     0.80683 0.000909955
      1.4056    0.797722 0.000838985
     1.41073     0.78964 0.000798841
     1.41586    0.780582 0.000896756
     1.42099     0.77188 0.000898556
     1.42612    0.764429 0.000771094
     1.43125    0.758084 0.000977585
     1.43638    0.750825 0.000905898
     1.44151    0.744169 0.000789668
     1.44664    0.736576 0.000808519
     1.45177    0.732169 0.000802838
      1.4569    0.726032 0.000845342
     1.46203    0.720004 0.000766394
     1.46716     0.71532 0.000796723
     1.47229    0.711252 0.000852766
     1.47742    0.705139 0.000724609
     1.48255    0.701349  0.00073544
     1.48768    0.697883 0.000751434
     1.49281    0.694131 0.000736088
     1.49794    0.691117  0.00082288
     1.50307    0.688027 0.000746688
      1.5082    0.685427 0.000747725
     1.51333    0.681401 0.000839229
     1.51846    0.678895 0.000708512
     1.52359    0.677199 0.000789201
     1.52872    0.675511 0.000767889
     1.53385    0.674837 0.000747982
     1.53898    0.673548 0.000679403
     1.54411    0.670637 0.000665294
     1.54924    0.672101 0.000743855
     1.55437     0.67016 0.000759115
      1.5595    0.669634 0.000783166
     1.56463    0.670555  0.00081413
     1.56976    0.669746 0.000711757
     1.57489    0.670269 0.000653554
     1.58002    0.671098 0.000697116
     1.58515    0.671091 0.000682171
     1.59028    0.672428 0.000757911
     1.59541    0.674327 0.000731323
     1.60054    0.676469 0.000755194
     1.60567    0.677761  0.00068684
      1.6108    0.678876 0.000824707
     1.61593    0.681739 0.000617938
     1.62106     0.68383 0.000765893
     1.62619    0.684622 0.000808696
     1.63132    0.687616 0.000629594
     1.63645    0.691861 0.000697047
     1.64158    0.694339 0.000686542
     1.64671    0.698497 0.000692636
     1.65184    0.701326  0.00072758
     1.65697    0.706054 0.000795855
      1.6621    0.709359 0.000756418
     1.66723    0.713832  0.00070501
     1.67236    0.718907 0.000683888
     1.67749    0.723731 0.000708013
     1.68262    0.727486 0.000745988
     1.68775    0.733106 0.000662092
     1.69288    0.737221 0.000655564
     1.69801    0.743914 0.000695938
     1.70314    0.748697 0.000666431
     1.70827     0.75404 0.000681322
      1.7134    0.760796 0.000638209
     1.71853    0.767016 0.000688897
     1.72366    0.773402 0.000802645
     1.72879    0.779439 0.000782111
     1.73392    0.786371 0.000697883
     1.73905    0.794193 0.000698903
     1.74418    0.800769 0.000739342
     1.74931    0.807794 0.000619747
     1.75444    0.815208 0.000675182
     1.75957    0.822167 0.000674622
      1.7647     0.82897 0.000747005
     1.76983    0.836663 0.000712415
     1.77496    0.845794  0.00071865
     1.78008    0.853863 0.000749667
     1.78521    0.862825 0.000790132
     1.79034    0.870664 0.000761783
     1.79547     0.87822 0.000807254
      1.8006    0.887158 0.000701238
     1.80573    0.894496 0.000755465
     1.81086    0.902725 0.000725717
     1.81599    0.910739  0.00076401
     1.82112     0.91888 0.000709267
     1.82625    0.927163  0.00074101
     1.83138    0.935985 0.000729056
     1.83651    0.945426 0.000760283
     1.84164    0.953468 0.000782181
     1.84677    0.959699  0.00078626
      1.8519     0.97004 0.000751759
     1.85703    0.976995 0.000699464
     1.86216    0.984752 0.000761336
     1.86729    0.994153 0.000774054
     1.87242     1.00216 0.000735123
     1.87755     1.01155 0.000823526
     1.88268     1.01922 0.000832414
     1.88781     1.02837 0.000751776
     1.89294     1.03549 0.000799034
     1.89807     1.04218 0.000785755
      1.9032     1.05194 0.000782982
     1.90833     1.05875 0.000790644
     1.91346     1.06738 0.000695997
     1.91859     1.07449 0.000850533
     1.92372     1.08176  0.00080245
     1.92885      1.0898 0.000770066
     1.93398     1.09674 0.000755575
     1.93911     1.10315 0.000766998
     1.94424     1.11031 0.000734052
     1.94937     1.11731 0.000798983
      1.9545     1.12572 0.000677554
     1.95963     1.13173 0.000764869
     1.96476     1.13794 0.000713782
     1.96989     1.14336 0.000675683
     1.97502     1.14914 0.000773692
     1.98015     1.15607 0.000870404
     1.98528     1.16039 0.000711207
     1.99041     1.16597 0.000771261
     1.99554     1.17235 0.000694504
     2.00067     1.17583 0.000822648
      2.0058     1.18128 0.000754308
     2.01093     1.18557 0.000730775
     2.01606      1.1914 0.000662396
     2.02119     1.19533 0.000784924
     2.02632     1.19945 0.000734262
     2.03145     1.20123 0.000709394
     2.03658     1.20524  0.00080805
     2.04171     1.20771 0.000724846
     2.04684      1.2107  0.00072253
     2.05197     1.21249 0.000657876
      2.0571     1.21272 0.000696163
     2.06223     1.21367 0.000772289
     2.06736     1.21517 0.000772534
     2.07249     1.21465 0.000744212
     2.07762     1.21633 0.000708568
     2.08275     1.21615 0.000850384
     2.08788     1.21643 0.000692938
     2.09301     1.21543 0.000733146
     2.09814     1.21498 0.000719671
     2.10327     1.21315 0.000723602
      2.1084     1.21199 0.000649532
     2.11353     1.21029 0.000785479
     2.11866       1.207 0.000768291
     2.12379     1.20426  0.00069115
     2.12892     1.20178  0.00062566
     2.13405     1.19954 0.000720915
     2.13918     1.19467 0.000647718
     2.14431     1.19076 0.000666235
     2.14944     1.18771 0.000700698
     2.15457     1.18504 0.000712172
      2.1597     1.17881 0.000785588
     2.16483      1.1745 0.000668408
     2.16996     1.17011 0.000676393
     2.17509     1.16515   0.0007457
     2.18022     1.16072 0.000702726
     2.18535     1.15617 0.000679197
     2.19048     1.15159 0.000680245
     2.19561     1.14611  0.00063092
     2.20074     1.14061  0.00067856
     2.20587     1.13501 0.000667878
       2.211     1.12958 0.000676977
     2.21613     1.12203 0.000636958
     2.22126     1.11718 0.000644546
     2.22639     1.11135 0.000613903
     2.23152     1.10657 0.000779104
     2.23665     1.10078 0.000706465
     2.24178     1.09489 0.000650811
     2.24691     1.08978 0.000632061
     2.25204      1.0822  0.00070039
     2.25717      1.0781  0.00071644
      2.2623     1.07211 0.000691186
     2.26743     1.06634 0.000619957
     2.27256     1.06079 0.000659009
     2.27769     1.05426 0.000652818
     2.28282     1.04915 0.000690294
     2.28795     1.04259 0.000680467
     2.29308     1.03846 0.000710235
     2.29821     1.03242 0.000667801
     2.30334     1.02681 0.000631464
     2.30847     1.02176 0.000623732
      2.3136      1.0162 0.000633836
     2.31873     1.01228 0.000685171
     2.32386     1.00651 0.000678659
     2.32899     1.00135 0.000619011
     2.33412     0.99613 0.000626052
     2.33925    0.992339 0.000638708
     2.34438    0.987766  0.00068172
     2.34951    0.983082 0.000713005
     2.35464    0.978247  0.00061436
     2.35977    0.974053 0.000606327
      2.3649    0.970333 0.000593546
     2.37003    0.965662 0.000635632
     2.37516    0.961818 0.000682492
     2.38029     0.95789 0.000585626
     2.38542    0.953594  0.00061465
     2.39055    0.950484 0.000589329
     2.39568    0.946512  0.00066378
     2.40081    0.942789  0.00063618
     2.40594    0.939356 0.000577164
     2.41107    0.936843 0.000522521
      2.4162    0.933616 0.000586642
     2.42133    0.931297 0.000641411
     2.42646    0.928271 0.000488539
     2.43159    0.925885 0.000611876
     2.43672    0.922275 0.000567315
     2.44185    0.920695 0.000540893
     2.44698    0.917227 0.000512158
     2.45211    0.915273 0.000619071
     2.45724    0.914422 0.000630223
     2.46237    0.911555 0.000524756
      2.4675     0.90978 0.000568007
     2.47263    0.908564 0.000581046
     2.47776    0.906287 0.000519182
     2.48289    0.904732 0.000493682
     2.48802    0.903803  0.00056075
     2.49314    0.903261 0.000579029
     2.49827    0.892522 0.000538733
      2.5034    0.887233 0.000574623
     2.50853    0.885943 0.000555499
     2.51366    0.886499 0.000567046
     2.51879    0.885828 0.000590774
     2.52392    0.885396  0.00061021
     2.52905    0.884708 0.000506592
     2.53418    0.884916 0.000568435
     2.53931    0.884416 0.000504651
     2.54444    0.885105 0.000544391
     2.54957    0.885564  0.00048617
      2.5547    0.885486 0.000584863
     2.55983    0.885827 0.000552301
