           0           0           0
  0.00461329           0           0
  0.00922657           0           0
   0.0138399           0           0
   0.0184531           0           0
   0.0230664           0           0
   0.0276797           0           0
    0.032293           0           0
   0.0369063           0           0
   0.0415196           0           0
   0.0461329           0           0
   0.0507461           0           0
   0.0553594           0           0
   0.0599727           0           0
    0.064586           0           0
   0.0691993           0           0
   0.0738126           0           0
   0.0784259           0           0
   0.0830391           0           0
   0.0876524           0           0
   0.0922657           0           0
    0.096879           0           0
    0.101492           0           0
    0.106106           0           0
    0.110719           0           0
    0.115332           0           0
    0.119945           0           0
    0.124559           0           0
    0.129172           0           0
    0.133785           0           0
    0.138399           0           0
    0.143012           0           0
    0.147625           0           0
    0.152238           0           0
    0.156852           0           0
    0.161465           0           0
    0.166078           0           0
    0.170692           0           0
    0.175305           0           0
    0.179918           0           0
    0.184531           0           0
    0.189145           0           0
    0.193758           0           0
    0.198371           0           0
    0.202985           0           0
    0.207598           0           0
    0.212211           0           0
    0.216824           0           0
    0.221438           0           0
    0.226051           0           0
    0.230664           0           0
    0.235278           0           0
    0.239891           0           0
    0.244504           0           0
    0.249117           0           0
    0.253731           0           0
    0.258344           0           0
    0.262957           0           0
    0.267571           0           0
    0.272184           0           0
    0.276797           0           0
     0.28141           0           0
    0.286024           0           0
    0.290637           0           0
     0.29525           0           0
    0.299864           0           0
    0.304477           0           0
     0.30909           0           0
    0.313703           0           0
    0.318317           0           0
     0.32293           0           0
    0.327543           0           0
    0.332157           0           0
     0.33677           0           0
    0.341383           0           0
    0.345996           0           0
     0.35061           0           0
    0.355223           0           0
    0.359836           0           0
     0.36445           0           0
    0.369063           0           0
    0.373676           0           0
    0.378289           0           0
    0.382903           0           0
    0.387516           0           0
    0.392129           0           0
    0.396743           0           0
    0.401356           0           0
    0.405969           0           0
    0.410582           0           0
    0.415196           0           0
    0.419809           0           0
    0.424422           0           0
    0.429036           0           0
    0.433649           0           0
    0.438262           0           0
    0.442875           0           0
    0.447489           0           0
    0.452102           0           0
    0.456715           0           0
    0.461329           0           0
    0.465942           0           0
    0.470555           0           0
    0.475168           0           0
    0.479782           0           0
    0.484395           0           0
    0.489008           0           0
    0.493622           0           0
    0.498235           0           0
    0.502848           0           0
    0.507461           0           0
    0.512075           0           0
    0.516688           0           0
    0.521301           0           0
    0.525915           0           0
    0.530528           0           0
    0.535141           0           0
    0.539754           0           0
    0.544368           0           0
    0.548981           0           0
    0.553594           0           0
    0.558208           0           0
    0.562821           0           0
    0.567434           0           0
    0.572047           0           0
    0.576661           0           0
    0.581274           0           0
    0.585887           0           0
    0.590501           0           0
    0.595114           0           0
    0.599727           0           0
     0.60434           0           0
    0.608954           0           0
    0.613567           0           0
     0.61818           0           0
    0.622794           0           0
    0.627407           0           0
     0.63202           0           0
    0.636633           0           0
    0.641247           0           0
     0.64586           0           0
    0.650473           0           0
    0.655087           0           0
      0.6597           0           0
    0.664313           0           0
    0.668926           0           0
     0.67354           0           0
    0.678153           0           0
    0.682766           0           0
     0.68738           0           0
    0.691993           0           0
    0.696606           0           0
    0.701219           0           0
    0.705833           0           0
    0.710446           0           0
    0.715059           0           0
    0.719673           0           0
    0.724286           0           0
    0.728899           0           0
    0.733512           0           0
    0.738126           0           0
    0.742739           0           0
    0.747352           0           0
    0.751966           0           0
    0.756579           0           0
    0.761192           0           0
    0.765805           0           0
    0.770419           0           0
    0.775032           0           0
    0.779645           0           0
    0.784259           0           0
    0.788872           0           0
    0.793485           0           0
    0.798098           0           0
    0.802712           0           0
    0.807325           0           0
    0.811938           0           0
    0.816552           0           0
    0.821165           0           0
    0.825778           0           0
    0.830391           0           0
    0.835005           0           0
    0.839618           0           0
    0.844231           0           0
    0.848845           0           0
    0.853458           0           0
    0.858071           0           0
    0.862684           0           0
    0.867298 7.68031e-07 7.64181e-07
    0.871911 4.55968e-06 2.80666e-06
    0.876524 1.50398e-06 1.05278e-06
    0.881138 1.48831e-05 5.04711e-06
    0.885751 4.56596e-05  7.9167e-06
    0.890364  0.00010787 1.27697e-05
    0.894977 0.000243104 1.77187e-05
    0.899591 0.000510522 2.63195e-05
    0.904204  0.00107358 4.02634e-05
    0.908817  0.00215905 6.05008e-05
    0.913431  0.00426294 8.82477e-05
    0.918044  0.00802167 0.000100045
    0.922657   0.0143223 0.000158112
     0.92727   0.0241758 0.000210735
    0.931884   0.0395064 0.000257193
    0.936497     0.06139 0.000298441
     0.94111   0.0941704 0.000394637
    0.945724    0.136957 0.000546259
    0.950337    0.196276 0.000575357
     0.95495    0.271782 0.000680091
    0.959563     0.36773 0.000779451
    0.964177    0.484508 0.000973533
     0.96879    0.624918  0.00103367
    0.973403    0.789717  0.00139658
    0.978017    0.978551  0.00142022
     0.98263     1.19494  0.00148643
    0.987243     1.42482   0.0016424
    0.991856     1.67821  0.00177556
     0.99647     1.94681  0.00194794
     1.00108      2.2278  0.00179929
      1.0057     2.51427  0.00192436
     1.01031     2.80818  0.00193017
     1.01492     3.09302  0.00209334
     1.01954      3.3744   0.0020016
     1.02415     3.63991  0.00195551
     1.02876     3.89113  0.00220591
     1.03338     4.11553  0.00233839
     1.03799     4.32318  0.00216934
      1.0426     4.50163  0.00210781
     1.04722      4.6483  0.00235126
     1.05183     4.76276  0.00221352
     1.05644     4.85024  0.00254892
     1.06106     4.90516  0.00245761
     1.06567     4.93031  0.00244024
     1.07028     4.92477  0.00241669
      1.0749     4.89059  0.00289499
     1.07951     4.82745  0.00237785
     1.08412     4.74894  0.00253032
     1.08874     4.63755  0.00239171
     1.09335      4.5082  0.00243671
     1.09796     4.36701  0.00240361
     1.10258     4.20637  0.00253393
     1.10719     4.03267  0.00233904
      1.1118     3.85379   0.0023267
     1.11642     3.66872  0.00237818
     1.12103      3.4755  0.00209497
     1.12564     3.27711  0.00200423
     1.13026     3.08103  0.00173592
     1.13487     2.88355  0.00184271
     1.13948     2.69413  0.00172095
     1.14409      2.5044  0.00138676
     1.14871     2.31864  0.00158144
     1.15332     2.14616  0.00144808
     1.15793     1.97506  0.00136633
     1.16255     1.81123   0.0012676
     1.16716     1.65775  0.00121127
     1.17177     1.51106   0.0013074
     1.17639     1.37208  0.00124887
       1.181     1.24224  0.00121026
     1.18561     1.12315 0.000943267
     1.19023     1.01025   0.0009931
     1.19484     0.91115 0.000774977
     1.19945    0.814601 0.000896493
     1.20407    0.728462  0.00093222
     1.20868    0.647178  0.00082818
     1.21329    0.575364 0.000836783
     1.21791    0.509755 0.000744464
     1.22252    0.450896 0.000739058
     1.22713    0.398195 0.000646148
     1.23175     0.34832 0.000681855
     1.23636    0.304973 0.000590085
     1.24097    0.267397 0.000577108
     1.24559    0.234073 0.000486791
      1.2502    0.203493  0.00052827
     1.25481    0.177113 0.000462752
     1.25943    0.153624 0.000467706
     1.26404    0.132883 0.000433783
     1.26865    0.115347 0.000390848
     1.27327    0.100214   0.0004068
     1.27788   0.0870495 0.000369898
     1.28249    0.076203 0.000332939
     1.28711   0.0671018  0.00030813
     1.29172   0.0588733 0.000305541
     1.29633   0.0532293 0.000286062
     1.30095   0.0479598 0.000241964
     1.30556   0.0441635 0.000239094
     1.31017    0.042103 0.000261733
     1.31479   0.0409592 0.000246345
      1.3194   0.0404134  0.00021247
     1.32401    0.041254  0.00022477
     1.32863   0.0428623 0.000202677
     1.33324   0.0455819 0.000244664
     1.33785   0.0494499 0.000245493
     1.34247   0.0539161  0.00027871
     1.34708   0.0595138 0.000228148
     1.35169   0.0664366 0.000282563
     1.35631   0.0742725 0.000290484
     1.36092   0.0829234  0.00031661
     1.36553   0.0931347 0.000307161
     1.37015    0.104724 0.000371557
     1.37476    0.117184 0.000317337
     1.37937    0.130935 0.000386083
     1.38399    0.147389 0.000386575
      1.3886    0.163727 0.000437576
     1.39321    0.181351 0.000403503
     1.39783    0.202184 0.000435234
     1.40244    0.224218 0.000458215
     1.40705    0.247317 0.000505649
     1.41167    0.271072 0.000492354
     1.41628    0.299256 0.000538269
     1.42089     0.32611 0.000473478
     1.42551    0.356022 0.000466853
     1.43012    0.386798 0.000527975
     1.43473    0.417913 0.000481723
     1.43935    0.451859 0.000582157
     1.44396    0.486137 0.000529253
     1.44857    0.520601 0.000542055
     1.45319    0.555705 0.000586899
      1.4578    0.591459  0.00056871
     1.46241    0.627832 0.000612961
     1.46702     0.66468 0.000632425
     1.47164    0.698575 0.000655009
     1.47625    0.733836  0.00058378
     1.48086    0.767112 0.000647356
     1.48548    0.798455 0.000647621
     1.49009     0.82835 0.000780848
      1.4947    0.855994 0.000762779
     1.49932    0.881868 0.000735195
     1.50393    0.904562  0.00072278
     1.50854    0.925376 0.000824673
     1.51316    0.942119 0.000724895
     1.51777    0.954104 0.000867539
     1.52238    0.964634 0.000841673
       1.527    0.971251 0.000881028
     1.53161    0.974832 0.000875336
     1.53622    0.972831 0.000907399
     1.54084    0.968634 0.000828949
     1.54545    0.959822 0.000859455
     1.55006    0.948044 0.000878539
     1.55468    0.933078 0.000836267
     1.55929    0.914645 0.000813252
      1.5639    0.891432 0.000814909
     1.56852    0.866928 0.000661682
     1.57313    0.840498 0.000737432
     1.57774    0.811502 0.000762011
     1.58236    0.781002 0.000640053
     1.58697    0.746929 0.000682468
     1.59158     0.71282 0.000647379
      1.5962    0.677237 0.000588503
     1.60081    0.641222 0.000568108
     1.60542    0.605383  0.00059468
     1.61004    0.569367 0.000469867
     1.61465    0.533477 0.000532174
     1.61926    0.498974 0.000407148
     1.62388    0.464389  0.00049831
     1.62849    0.431937 0.000462087
      1.6331    0.399866 0.000444972
     1.63772    0.369734 0.000448433
     1.64233    0.341359  0.00048135
     1.64694    0.314826 0.000378524
     1.65156    0.290863 0.000426346
     1.65617    0.268204   0.0004382
     1.66078    0.248296 0.000483704
      1.6654    0.231643 0.000415011
     1.67001    0.217255 0.000442798
     1.67462    0.205683 0.000455476
     1.67924    0.195994 0.000441163
     1.68385    0.190485 0.000434476
     1.68846    0.187992 0.000442051
     1.69308    0.189013 0.000491576
     1.69769    0.192958 0.000480468
      1.7023    0.201073 0.000469775
     1.70692    0.212929  0.00056766
     1.71153    0.229701  0.00054793
     1.71614    0.249865 0.000604362
     1.72076    0.275786 0.000571593
     1.72537    0.305182  0.00064513
     1.72998    0.340493 0.000594865
      1.7346    0.381359  0.00059944
     1.73921    0.426822  0.00075154
     1.74382    0.478858   0.0007818
     1.74844     0.53616 0.000741939
     1.75305    0.599378 0.000778008
     1.75766    0.668141 0.000684699
     1.76228    0.742684 0.000800961
     1.76689    0.822499 0.000747172
      1.7715    0.908498 0.000871617
     1.77612    0.998275  0.00080266
     1.78073     1.09405 0.000767022
     1.78534     1.19232 0.000788207
     1.78995     1.29556 0.000761629
     1.79457     1.40177 0.000833678
     1.79918     1.50948 0.000729246
     1.80379     1.61709 0.000812035
     1.80841     1.72623 0.000800618
     1.81302      1.8357 0.000862557
     1.81763     1.94174 0.000869274
     1.82225     2.04684 0.000895486
     1.82686     2.14651 0.000993318
     1.83147     2.24118   0.0011584
     1.83609     2.32947  0.00111522
      1.8407     2.41313  0.00113508
     1.84531     2.48652  0.00124122
     1.84993     2.55112   0.0013023
     1.85454      2.6072   0.0013906
     1.85915     2.65454  0.00141532
     1.86377     2.68909  0.00129257
     1.86838     2.71043  0.00127852
     1.87299     2.72514  0.00143263
     1.87761     2.72532  0.00157836
     1.88222     2.71523  0.00133145
     1.88683     2.69341  0.00116368
     1.89145     2.66068  0.00127497
     1.89606     2.61889  0.00133734
     1.90067      2.5678  0.00134829
     1.90529     2.50623  0.00103036
      1.9099     2.43565  0.00110635
     1.91451     2.35843   0.0011835
     1.91913     2.27442  0.00105139
     1.92374     2.18636  0.00107794
     1.92835     2.09152 0.000931458
     1.93297     1.99261  0.00089693
     1.93758     1.89529  0.00096087
     1.94219     1.79353 0.000804006
     1.94681     1.69147  0.00082087
     1.95142     1.58943 0.000682809
     1.95603     1.48853 0.000677024
     1.96065     1.38901 0.000678196
     1.96526     1.29018 0.000614719
     1.96987     1.19834 0.000644964
     1.97449     1.10763  0.00069014
      1.9791     1.02283 0.000693689
     1.98371    0.942014 0.000672326
     1.98833    0.867204 0.000639861
     1.99294    0.796822 0.000718213
     1.99755    0.733345 0.000673438
     2.00217    0.674336 0.000667081
     2.00678    0.621582 0.000648663
     2.01139    0.576423 0.000736897
     2.01601    0.536689 0.000669799
     2.02062    0.503284  0.00070223
     2.02523    0.474877 0.000672929
     2.02985    0.453387 0.000604189
     2.03446    0.438732 0.000696142
     2.03907    0.429075 0.000678253
     2.04369     0.42419  0.00061238
      2.0483    0.425079 0.000678037
     2.05291    0.430821 0.000647731
     2.05753    0.441415 0.000637583
     2.06214    0.456989 0.000594097
     2.06675    0.476172 0.000625434
     2.07137    0.498384 0.000597884
     2.07598    0.525231   0.0005173
     2.08059    0.553252 0.000491648
     2.08521    0.585152  0.00050622
     2.08982      0.6171 0.000513987
     2.09443    0.651949 0.000505718
     2.09905    0.687379 0.000442676
     2.10366    0.723666 0.000505366
     2.10827    0.757553 0.000506307
     2.11288    0.794182 0.000443658
      2.1175    0.827762 0.000465478
     2.12211    0.860412 0.000548598
     2.12672    0.890862  0.00046789
     2.13134    0.919053 0.000544391
     2.13595    0.944848 0.000489162
     2.14056    0.969285  0.00062263
     2.14518    0.989901 0.000597957
     2.14979     1.00612  0.00053878
      2.1544     1.01802 0.000661491
     2.15902     1.02689 0.000660285
     2.16363     1.03128  0.00066758
     2.16824     1.03356 0.000645764
     2.17286     1.03127 0.000643748
     2.17747     1.02572 0.000637328
     2.18208      1.0152  0.00064093
      2.1867     1.00255 0.000663216
     2.19131    0.987127  0.00063761
     2.19592    0.963273 0.000641837
     2.20054    0.906832 0.000538909
     2.20515    0.884098 0.000575837
     2.20976    0.859481 0.000526117
     2.21438    0.834088 0.000513968
     2.21899    0.807681 0.000424237
      2.2236    0.781003 0.000453479
     2.22822    0.754075 0.000426737
     2.23283    0.727271  0.00039832
     2.23744    0.700651 0.000405324
     2.24206    0.675833 0.000425241
     2.24667     0.65211 0.000461829
     2.25128    0.630586 0.000421857
      2.2559    0.610818 0.000522468
     2.26051     0.59384 0.000538746
     2.26512    0.580316 0.000596539
     2.26974    0.568373 0.000563716
     2.27435    0.561178 0.000618775
     2.27896    0.557117 0.000651905
     2.28358    0.557134 0.000618135
     2.28819    0.560782 0.000642251
      2.2928    0.568839 0.000697512
     2.29742    0.580281 0.000699126
     2.30203    0.596622 0.000692779
