           0           0           0
  0.00461329           0           0
  0.00922657           0           0
   0.0138399           0           0
   0.0184531           0           0
   0.0230664           0           0
   0.0276797           0           0
    0.032293           0           0
   0.0369063           0           0
   0.0415196           0           0
   0.0461329           0           0
   0.0507461           0           0
   0.0553594           0           0
   0.0599727           0           0
    0.064586           0           0
   0.0691993           0           0
   0.0738126           0           0
   0.0784259           0           0
   0.0830391           0           0
   0.0876524           0           0
   0.0922657           0           0
    0.096879           0           0
    0.101492           0           0
    0.106106           0           0
    0.110719           0           0
    0.115332           0           0
    0.119945           0           0
    0.124559           0           0
    0.129172           0           0
    0.133785           0           0
    0.138399           0           0
    0.143012           0           0
    0.147625           0           0
    0.152238           0           0
    0.156852           0           0
    0.161465           0           0
    0.166078           0           0
    0.170692           0           0
    0.175305           0           0
    0.179918           0           0
    0.184531           0           0
    0.189145           0           0
    0.193758           0           0
    0.198371           0           0
    0.202985           0           0
    0.207598           0           0
    0.212211           0           0
    0.216824           0           0
    0.221438           0           0
    0.226051           0           0
    0.230664           0           0
    0.235278           0           0
    0.239891           0           0
    0.244504           0           0
    0.249117           0           0
    0.253731           0           0
    0.258344           0           0
    0.262957           0           0
    0.267571           0           0
    0.272184           0           0
    0.276797           0           0
     0.28141           0           0
    0.286024           0           0
    0.290637           0           0
     0.29525           0           0
    0.299864           0           0
    0.304477           0           0
     0.30909           0           0
    0.313703           0           0
    0.318317           0           0
     0.32293           0           0
    0.327543           0           0
    0.332157           0           0
     0.33677           0           0
    0.341383           0           0
    0.345996           0           0
     0.35061           0           0
    0.355223           0           0
    0.359836           0           0
     0.36445           0           0
    0.369063           0           0
    0.373676           0           0
    0.378289           0           0
    0.382903           0           0
    0.387516           0           0
    0.392129           0           0
    0.396743           0           0
    0.401356           0           0
    0.405969           0           0
    0.410582           0           0
    0.415196           0           0
    0.419809           0           0
    0.424422           0           0
    0.429036           0           0
    0.433649           0           0
    0.438262           0           0
    0.442875           0           0
    0.447489           0           0
    0.452102           0           0
    0.456715           0           0
    0.461329           0           0
    0.465942           0           0
    0.470555           0           0
    0.475168           0           0
    0.479782           0           0
    0.484395           0           0
    0.489008           0           0
    0.493622           0           0
    0.498235           0           0
    0.502848           0           0
    0.507461           0           0
    0.512075           0           0
    0.516688           0           0
    0.521301           0           0
    0.525915           0           0
    0.530528           0           0
    0.535141           0           0
    0.539754           0           0
    0.544368           0           0
    0.548981           0           0
    0.553594           0           0
    0.558208           0           0
    0.562821           0           0
    0.567434           0           0
    0.572047           0           0
    0.576661           0           0
    0.581274           0           0
    0.585887           0           0
    0.590501           0           0
    0.595114           0           0
    0.599727           0           0
     0.60434           0           0
    0.608954           0           0
    0.613567           0           0
     0.61818           0           0
    0.622794           0           0
    0.627407           0           0
     0.63202           0           0
    0.636633           0           0
    0.641247           0           0
     0.64586           0           0
    0.650473           0           0
    0.655087           0           0
      0.6597           0           0
    0.664313           0           0
    0.668926           0           0
     0.67354           0           0
    0.678153           0           0
    0.682766           0           0
     0.68738           0           0
    0.691993           0           0
    0.696606           0           0
    0.701219           0           0
    0.705833           0           0
    0.710446           0           0
    0.715059           0           0
    0.719673           0           0
    0.724286           0           0
    0.728899           0           0
    0.733512           0           0
    0.738126           0           0
    0.742739           0           0
    0.747352           0           0
    0.751966           0           0
    0.756579           0           0
    0.761192           0           0
    0.765805           0           0
    0.770419           0           0
    0.775032           0           0
    0.779645           0           0
    0.784259           0           0
    0.788872           0           0
    0.793485           0           0
    0.798098           0           0
    0.802712           0           0
    0.807325           0           0
    0.811938           0           0
    0.816552           0           0
    0.821165           0           0
    0.825778           0           0
    0.830391           0           0
    0.835005           0           0
    0.839618           0           0
    0.844231           0           0
    0.848845           0           0
    0.853458           0           0
    0.858071           0           0
    0.862684           0           0
    0.867298           0           0
    0.871911           0           0
    0.876524           0           0
    0.881138 0.000111623 0.000108797
    0.885751 0.000101261 9.86972e-05
    0.890364 0.000182213 0.000128198
    0.894977 0.000504964 0.000303279
    0.899591 0.000740792 0.000325317
    0.904204  0.00142237 0.000359401
    0.908817   0.0032008 0.000674822
    0.913431  0.00448457   0.0009051
    0.918044  0.00844233 0.000942632
    0.922657   0.0177689  0.00163264
     0.92727   0.0269775  0.00174508
    0.931884   0.0421015  0.00203583
    0.936497   0.0654039  0.00234399
     0.94111    0.103307  0.00322531
    0.945724    0.147523  0.00441332
    0.950337    0.203591  0.00517722
     0.95495      0.2806  0.00718173
    0.959563    0.375821  0.00543285
    0.964177    0.500048  0.00684641
     0.96879    0.653189  0.00639854
    0.973403    0.814141  0.00746373
    0.978017      1.0161  0.00883205
     0.98263     1.21256   0.0117547
    0.987243     1.46124   0.0139511
    0.991856     1.73238   0.0145109
     0.99647     1.97432   0.0178305
     1.00108     2.27794   0.0153827
      1.0057     2.56229   0.0152635
     1.01031     2.84565   0.0207852
     1.01492     3.14114   0.0178783
     1.01954     3.39551   0.0139961
     1.02415     3.63752   0.0174773
     1.02876      3.8553   0.0185533
     1.03338     4.12477   0.0203142
     1.03799     4.31944   0.0220046
      1.0426     4.49567   0.0239423
     1.04722       4.642   0.0255445
     1.05183     4.73514   0.0232081
     1.05644     4.78872   0.0238338
     1.06106     4.85539   0.0239309
     1.06567     4.86545   0.0246583
     1.07028     4.86402   0.0218393
      1.0749     4.80948    0.016882
     1.07951     4.75401   0.0209911
     1.08412     4.65872   0.0220531
     1.08874     4.58249   0.0243887
     1.09335      4.4811   0.0234405
     1.09796      4.3137   0.0220056
     1.10258     4.16829   0.0279987
     1.10719     4.00148   0.0229493
      1.1118     3.85623   0.0216767
     1.11642     3.64764   0.0211164
     1.12103     3.44666   0.0210649
     1.12564     3.26699   0.0163075
     1.13026     3.06326   0.0158542
     1.13487     2.89491   0.0172463
     1.13948     2.69083   0.0154451
     1.14409     2.49627   0.0171386
     1.14871     2.30729   0.0130545
     1.15332     2.13682   0.0144675
     1.15793     1.98578   0.0174442
     1.16255     1.82169   0.0126125
     1.16716     1.67778   0.0139381
     1.17177     1.51281   0.0136907
     1.17639     1.39053   0.0127273
       1.181     1.27172  0.00928557
     1.18561     1.15174  0.00894585
     1.19023     1.03525  0.00898572
     1.19484     0.92753  0.00804242
     1.19945    0.820464  0.00644223
     1.20407    0.736111  0.00591519
     1.20868    0.657869  0.00579339
     1.21329    0.591339  0.00667258
     1.21791    0.515356  0.00896565
     1.22252    0.471184  0.00691254
     1.22713    0.413005  0.00537507
     1.23175    0.364935  0.00337486
     1.23636    0.317932  0.00401202
     1.24097     0.27001  0.00425293
     1.24559    0.244912  0.00463075
      1.2502    0.214516  0.00420891
     1.25481    0.186236  0.00366627
     1.25943    0.159562  0.00413219
     1.26404     0.14281  0.00362095
     1.26865    0.121703  0.00301876
     1.27327    0.102977  0.00411006
     1.27788   0.0875554  0.00370683
     1.28249   0.0781053  0.00329702
     1.28711   0.0704734     0.00314
     1.29172   0.0628745  0.00274362
     1.29633   0.0567505  0.00242756
     1.30095   0.0516305  0.00181791
     1.30556   0.0493782  0.00239014
     1.31017   0.0441892  0.00226973
     1.31479   0.0419592  0.00174593
      1.3194   0.0413302   0.0023331
     1.32401   0.0450629   0.0022624
     1.32863   0.0494479  0.00233118
     1.33324   0.0515164  0.00300084
     1.33785   0.0552854  0.00303788
     1.34247   0.0581304  0.00307394
     1.34708   0.0644839  0.00195683
     1.35169   0.0684368  0.00209241
     1.35631   0.0767871  0.00246195
     1.36092   0.0845658  0.00286646
     1.36553    0.097069  0.00327034
     1.37015    0.108169  0.00374382
     1.37476    0.122308  0.00371739
     1.37937    0.136347  0.00378026
     1.38399     0.15176  0.00415465
      1.3886    0.167634  0.00405579
     1.39321    0.189548  0.00440569
     1.39783     0.20998  0.00349653
     1.40244    0.234456  0.00411823
     1.40705    0.258472  0.00362166
     1.41167    0.287559  0.00428537
     1.41628    0.307991  0.00356689
     1.42089    0.334152   0.0044672
     1.42551    0.362946  0.00519388
     1.43012    0.393797  0.00460436
     1.43473    0.422523  0.00469631
     1.43935    0.463696  0.00643085
     1.44396    0.500033  0.00756525
     1.44857    0.530122  0.00698643
     1.45319    0.564916  0.00544122
      1.4578    0.589167  0.00627746
     1.46241    0.624783  0.00543659
     1.46702    0.659887  0.00461195
     1.47164    0.695981   0.0062146
     1.47625    0.731419  0.00780507
     1.48086    0.761773  0.00689279
     1.48548    0.790543  0.00616075
     1.49009    0.813135  0.00458663
      1.4947    0.841787  0.00678392
     1.49932    0.875037  0.00621028
     1.50393     0.89476  0.00760108
     1.50854    0.912435  0.00884878
     1.51316    0.931141  0.00703197
     1.51777    0.935212  0.00690308
     1.52238    0.947447  0.00706934
       1.527    0.958735   0.0109068
     1.53161    0.952668  0.00958824
     1.53622    0.954653  0.00864444
     1.54084    0.946081  0.00850744
     1.54545    0.933007  0.00862681
     1.55006    0.921688    0.010455
     1.55468    0.909754  0.00968929
     1.55929    0.889778  0.00862907
      1.5639    0.871776  0.00957614
     1.56852    0.854712  0.00920252
     1.57313    0.831733  0.00894802
     1.57774    0.798022  0.00957069
     1.58236    0.773633  0.00953857
     1.58697    0.737534  0.00767403
     1.59158    0.701876  0.00523807
      1.5962    0.678292  0.00563904
     1.60081    0.642334  0.00389851
     1.60542    0.603976  0.00415214
     1.61004    0.579413  0.00435778
     1.61465    0.547899  0.00586811
     1.61926    0.515305  0.00456337
     1.62388    0.471408  0.00422215
     1.62849    0.437549  0.00471055
      1.6331    0.410035  0.00359867
     1.63772    0.382478   0.0042553
     1.64233    0.350577  0.00399514
     1.64694    0.324717  0.00599573
     1.65156    0.300209  0.00644409
     1.65617    0.275055  0.00564817
     1.66078    0.260701  0.00491899
      1.6654    0.241456    0.003917
     1.67001    0.226286  0.00463984
     1.67462    0.216405  0.00507271
     1.67924    0.203144   0.0043675
     1.68385    0.196771  0.00414914
     1.68846    0.197357  0.00306372
     1.69308    0.202596  0.00305042
     1.69769    0.203639  0.00379678
      1.7023    0.210815  0.00358387
     1.70692    0.221756  0.00425105
     1.71153    0.243195  0.00497268
     1.71614    0.272813  0.00537638
     1.72076    0.294037  0.00471117
     1.72537    0.318109  0.00584958
     1.72998    0.362544  0.00608567
      1.7346    0.401569  0.00555056
     1.73921    0.443502  0.00624599
     1.74382    0.492982  0.00696976
     1.74844    0.552025  0.00715216
     1.75305    0.614168  0.00726647
     1.75766    0.697126  0.00679769
     1.76228    0.771661  0.00818206
     1.76689    0.845442  0.00748139
      1.7715    0.930641   0.0102804
     1.77612     1.01934  0.00871932
     1.78073     1.11148  0.00728493
     1.78534     1.21257  0.00655644
     1.78995     1.31801  0.00642522
     1.79457     1.41933  0.00664764
     1.79918     1.51266  0.00679914
     1.80379     1.61576   0.0084464
     1.80841     1.72491  0.00703372
     1.81302     1.82165  0.00738634
     1.81763     1.92682  0.00874099
     1.82225     2.02333  0.00722822
     1.82686     2.13297   0.0106407
     1.83147     2.23327  0.00756663
     1.83609     2.31176  0.00888406
      1.8407     2.38801  0.00987186
     1.84531     2.45079    0.011826
     1.84993     2.51847  0.00773047
     1.85454     2.56343   0.0088639
     1.85915      2.6129   0.0131885
     1.86377     2.64444   0.0121511
     1.86838      2.6749   0.0126475
     1.87299     2.68393   0.0130987
     1.87761     2.69177    0.013138
     1.88222     2.66243   0.0107708
     1.88683     2.65908   0.0122754
     1.89145     2.62031   0.0132061
     1.89606     2.58674   0.0134292
     1.90067     2.53487   0.0116072
     1.90529     2.47609   0.0141141
      1.9099     2.42696   0.0107853
     1.91451     2.34991   0.0120191
     1.91913      2.2549   0.0104994
     1.92374     2.17548   0.0101996
     1.92835     2.08712   0.0104746
     1.93297     1.99073  0.00820415
     1.93758     1.89721  0.00747213
     1.94219     1.80193  0.00860016
     1.94681     1.69651  0.00739003
     1.95142     1.59927  0.00900216
     1.95603     1.50023   0.0075399
     1.96065     1.39126  0.00604419
     1.96526     1.29544  0.00664875
     1.96987     1.20986  0.00729695
     1.97449     1.12559  0.00632529
      1.9791     1.03222  0.00786136
     1.98371    0.951752   0.0103176
     1.98833    0.871476  0.00853474
     1.99294    0.803651   0.0066369
     1.99755    0.743564  0.00751879
     2.00217    0.687446  0.00609126
     2.00678    0.634678  0.00586687
     2.01139    0.589826  0.00629072
     2.01601    0.543484  0.00586162
     2.02062    0.516295  0.00599005
     2.02523     0.48762  0.00608981
     2.02985    0.464161  0.00653359
     2.03446    0.452261  0.00587415
     2.03907    0.442529  0.00652841
     2.04369    0.444254  0.00599421
      2.0483    0.443742  0.00485585
     2.05291    0.449621  0.00511756
     2.05753       0.468  0.00538955
     2.06214    0.478867  0.00413551
     2.06675    0.491481    0.005417
     2.07137    0.508103   0.0046024
     2.07598    0.539804  0.00514874
     2.08059     0.56393  0.00527731
     2.08521    0.589378   0.0043128
     2.08982    0.624334  0.00559262
     2.09443    0.663445  0.00594811
     2.09905    0.688776  0.00415829
     2.10366    0.724955  0.00439604
     2.10827    0.763404  0.00531872
     2.11288    0.803081  0.00368044
      2.1175     0.83891  0.00524158
     2.12211    0.860957  0.00470631
     2.12672    0.884597  0.00399583
     2.13134    0.904919  0.00429476
     2.13595    0.930221  0.00429102
     2.14056    0.958019  0.00515232
     2.14518    0.976643  0.00728077
     2.14979    0.990672  0.00548804
      2.1544    0.993814  0.00571197
     2.15902     1.00466  0.00549882
     2.16363     1.00862  0.00588769
     2.16824     1.01544  0.00525106
     2.17286     1.00352  0.00505089
     2.17747    0.993605  0.00657841
     2.18208    0.983403  0.00678347
      2.1867    0.981541  0.00723329
     2.19131     0.95634  0.00584752
     2.19592    0.939751  0.00608353
     2.20054    0.922639  0.00530618
     2.20515    0.906253  0.00391265
     2.20976     0.88082  0.00587334
     2.21438    0.853872  0.00706295
     2.21899    0.824237  0.00698373
      2.2236    0.795702  0.00610965
     2.22822    0.768066  0.00480686
     2.23283    0.742818  0.00481404
     2.23744    0.716571  0.00591739
     2.24206    0.690936  0.00506178
     2.24667    0.667735  0.00431209
     2.25128    0.645284  0.00495481
      2.2559    0.623358  0.00553749
     2.26051    0.609568  0.00527269
     2.26512    0.592297  0.00623663
     2.26974    0.584595  0.00660704
     2.27435    0.574153  0.00606622
     2.27896    0.572372  0.00767586
     2.28358    0.570415  0.00737338
     2.28819    0.574697  0.00561439
      2.2928      0.5812  0.00622478
     2.29742    0.592271  0.00649134
     2.30203    0.607585  0.00653036
