           0           0           0
   0.0129266           0           0
   0.0258532           0           0
   0.0387798           0           0
   0.0517064           0           0
    0.064633           0           0
   0.0775596           0           0
   0.0904863           0           0
    0.103413           0           0
    0.116339           0           0
    0.129266           0           0
    0.142193           0           0
    0.155119           0           0
    0.168046           0           0
    0.180973           0           0
    0.193899           0           0
    0.206826           0           0
    0.219752           0           0
    0.232679           0           0
    0.245606           0           0
    0.258532           0           0
    0.271459           0           0
    0.284385           0           0
    0.297312           0           0
    0.310239           0           0
    0.323165           0           0
    0.336092           0           0
    0.349018           0           0
    0.361945           0           0
    0.374872           0           0
    0.387798           0           0
    0.400725           0           0
    0.413651           0           0
    0.426578           0           0
    0.439505           0           0
    0.452431           0           0
    0.465358           0           0
    0.478285           0           0
    0.491211           0           0
    0.504138           0           0
    0.517064           0           0
    0.529991           0           0
    0.542918           0           0
    0.555844           0           0
    0.568771           0           0
    0.581697           0           0
    0.594624           0           0
    0.607551           0           0
    0.620477           0           0
    0.633404           0           0
     0.64633           0           0
    0.659257           0           0
    0.672184           0           0
     0.68511           0           0
    0.698037           0           0
    0.710963           0           0
     0.72389           0           0
    0.736817           0           0
    0.749743           0           0
     0.76267           0           0
    0.775596           0           0
    0.788523           0           0
     0.80145           0           0
    0.814376           0           0
    0.827303           0           0
     0.84023           0           0
    0.853156 6.17094e-06 6.14001e-06
    0.866083 3.59367e-05 1.42242e-05
    0.879009 0.000639744 7.64957e-05
    0.891936  0.00367796 0.000174592
    0.904863   0.0144512 0.000370593
    0.917789    0.042507 0.000605754
    0.930716    0.100711  0.00103706
    0.943642    0.205682  0.00136144
    0.956569    0.357905  0.00179812
    0.969496    0.560038  0.00197828
    0.982422    0.791475  0.00254386
    0.995349     1.05142   0.0032761
     1.00828     1.31275  0.00370071
      1.0212     1.54972  0.00431253
     1.03413     1.75498  0.00448199
     1.04706     1.93905   0.0052675
     1.05998     2.07719  0.00558952
     1.07291     2.17617  0.00517048
     1.08584     2.24089  0.00525432
     1.09876     2.28126  0.00499858
     1.11169     2.29353  0.00596629
     1.12461     2.28504  0.00548756
     1.13754     2.26497  0.00501368
     1.15047     2.23298  0.00490275
     1.16339     2.18763  0.00521076
     1.17632     2.14189  0.00533315
     1.18925     2.08414  0.00459093
     1.20217     2.03964  0.00421912
      1.2151     1.97961  0.00390077
     1.22803     1.93334  0.00424044
     1.24095     1.87638  0.00448341
     1.25388     1.83704  0.00440811
     1.26681     1.79167  0.00345126
     1.27973     1.73631   0.0032045
     1.29266     1.69455  0.00311035
     1.30559     1.65822  0.00336114
     1.31851     1.61019  0.00315728
     1.33144     1.57557  0.00345341
     1.34437     1.54054  0.00315755
     1.35729     1.51596  0.00297192
     1.37022     1.48324  0.00295096
     1.38315     1.44896   0.0030923
     1.39607     1.43102  0.00302137
       1.409     1.39783  0.00250442
     1.42193     1.38053  0.00273072
     1.43485     1.35101   0.0023004
     1.44778     1.33649  0.00216511
     1.46071     1.31299  0.00244363
     1.47363     1.29619  0.00242098
     1.48656     1.27921  0.00216624
     1.49949     1.26702  0.00247756
     1.51241     1.24618  0.00259537
     1.52534     1.23587  0.00225571
     1.53827     1.22041  0.00233537
     1.55119     1.21096  0.00240678
     1.56412      1.1971  0.00226141
     1.57705     1.18724  0.00184689
     1.58997     1.17361   0.0020369
      1.6029     1.16896    0.002063
     1.61583      1.1606  0.00195428
     1.62875     1.15152  0.00184475
     1.64168     1.14373  0.00212898
     1.65461     1.13727  0.00197191
     1.66753     1.12828  0.00207101
     1.68046     1.12016  0.00195208
     1.69339     1.11672  0.00205826
     1.70631     1.11588  0.00173779
     1.71924     1.10737  0.00164243
     1.73217     1.10455  0.00234576
     1.74509      1.0962   0.0018778
     1.75802       1.092  0.00213081
     1.77095     1.08879  0.00181384
     1.78387     1.08768  0.00174694
      1.7968     1.08234   0.0016946
     1.80973     1.08092  0.00168164
     1.82265     1.07673  0.00180694
     1.83558     1.07289  0.00160211
      1.8485     1.07295  0.00158651
     1.86143     1.06943  0.00159268
     1.87436     1.07018  0.00161774
     1.88728     1.06696  0.00165037
     1.90021     1.06627  0.00173988
     1.91314     1.06516  0.00156657
     1.92606     1.06386  0.00171727
     1.93899     1.06151  0.00163019
     1.95192      1.0617  0.00174284
     1.96484     1.05931  0.00152547
     1.97777     1.06058   0.0014804
      1.9907     1.06056  0.00158084
     2.00362      1.0567  0.00154051
     2.01655     1.05673  0.00150281
     2.02948     1.05607  0.00162734
      2.0424     1.05651  0.00175568
     2.05533     1.05712  0.00141046
     2.06826     1.05629  0.00170867
     2.08118     1.05524  0.00152893
     2.09411     1.05588  0.00151582
     2.10704     1.05593  0.00161064
     2.11996     1.05235  0.00153603
     2.13289     1.05415  0.00143174
     2.14582     1.05313  0.00141201
     2.15874     1.05262    0.001495
     2.17167     1.05167  0.00146469
      2.1846     1.05095  0.00150246
     2.19752     1.04993  0.00159644
     2.21045     1.04962  0.00143408
     2.22338     1.04742  0.00152304
      2.2363     1.04742  0.00132977
     2.24923      1.0483  0.00116488
     2.26216     1.04526  0.00145472
     2.27508     1.04371   0.0013051
     2.28801     1.04093   0.0013362
     2.30094     1.03886  0.00116574
     2.31386      1.0397  0.00143569
     2.32679     1.04095  0.00123906
     2.33972     1.03844  0.00132384
     2.35264     1.03723  0.00131141
     2.36557     1.03456  0.00124905
      2.3785     1.03307  0.00137633
     2.39142     1.03237    0.001285
     2.40435     1.02936  0.00118713
     2.41728     1.03131   0.0013416
      2.4302     1.03132   0.0013468
     2.44313     1.02811  0.00117267
     2.45606     1.02858  0.00114057
     2.46898      1.0283  0.00121455
     2.48191     1.02482  0.00115018
     2.49484     1.02451  0.00130713
     2.50776     1.02591  0.00137321
     2.52069     1.02348  0.00117205
     2.53362     1.01934  0.00114721
     2.54654     1.02008  0.00114271
     2.55947     1.02087  0.00126408
      2.5724     1.01888  0.00135915
     2.58532     1.01888 0.000924323
     2.59825     1.01632  0.00113539
     2.61117     1.01818  0.00103397
      2.6241     1.01649  0.00115191
     2.63703     1.01464  0.00120352
     2.64995     1.01373  0.00114336
     2.66288     1.01267  0.00111159
     2.67581     1.01299  0.00122609
     2.68873     1.01176   0.0011196
     2.70166     1.01069  0.00109045
     2.71459     1.00996  0.00110643
     2.72751     1.01049  0.00108433
     2.74044     1.01176  0.00113396
     2.75337      1.0094  0.00116558
     2.76629     1.00821  0.00102173
     2.77922     1.00783  0.00102795
     2.79215     1.00849  0.00111159
     2.80507     1.00985  0.00114229
       2.818     1.00856  0.00104461
     2.83093     1.00669  0.00103124
     2.84385     1.00493  0.00108836
     2.85678     1.00509  0.00114778
     2.86971     1.00732  0.00110057
     2.88263      1.0038  0.00101467
     2.89556     1.00529  0.00109034
     2.90849     1.00446 0.000953472
     2.92141     1.00409 0.000987396
     2.93434     1.00402  0.00126453
     2.94727     1.00478  0.00108684
     2.96019     1.00265 0.000968295
     2.97312     1.00241 0.000928916
     2.98605     1.00323  0.00102744
     2.99897     1.00251  0.00111581
      3.0119     1.00073 0.000848425
     3.02483     1.00256 0.000836487
     3.03775     1.00058 0.000985421
     3.05068     1.00076  0.00105431
     3.06361     1.00131  0.00105912
     3.07653    0.998408 0.000895624
     3.08946      1.0005 0.000894541
     3.10239    0.999064 0.000917231
     3.11531     0.99802  0.00104114
     3.12824    0.999264 0.000937615
     3.14117    0.996959 0.000928026
     3.15409     0.99906  0.00100477
     3.16702    0.997407  0.00100553
     3.17995    0.997233 0.000999022
     3.19287    0.997316 0.000905142
      3.2058    0.997296 0.000919432
     3.21873    0.998372 0.000953474
     3.23165    0.996535 0.000827433
     3.24458    0.996057 0.000948285
     3.25751    0.996122  0.00092528
     3.27043    0.995667 0.000881393
     3.28336     0.99641 0.000865023
     3.29629    0.996569 0.000803549
     3.30921     0.99737 0.000917275
     3.32214    0.995702 0.000847732
     3.33506    0.995502 0.000793232
     3.34799    0.994707 0.000870597
     3.36092    0.995316 0.000764676
     3.37384     0.99653 0.000990752
     3.38677     0.99328 0.000733559
      3.3997     0.99343 0.000756018
     3.41262     0.99503 0.000810866
     3.42555    0.993624 0.000897271
     3.43848    0.994112 0.000773269
      3.4514    0.995679 0.000937666
     3.46433    0.993502 0.000737058
     3.47726    0.992893 0.000838522
     3.49018     0.99196 0.000880975
     3.50311    0.994274 0.000839014
     3.51604    0.993375 0.000798645
     3.52896    0.993566 0.000749431
     3.54189    0.991742 0.000792089
     3.55482    0.992971 0.000722184
     3.56774    0.992642 0.000815289
     3.58067    0.992852 0.000882976
      3.5936    0.993638 0.000790089
     3.60652    0.993919 0.000789826
     3.61945    0.993525 0.000810096
     3.63238     0.99069  0.00080855
      3.6453    0.991034 0.000805094
     3.65823    0.991868 0.000787616
     3.67116    0.991916  0.00071199
     3.68408     0.99166 0.000836037
     3.69701    0.991632 0.000851565
     3.70994    0.991488 0.000791874
     3.72286    0.990222 0.000759793
     3.73579     0.99234 0.000796528
     3.74872    0.990247 0.000782721
     3.76164    0.990973 0.000748995
     3.77457    0.989904 0.000758818
      3.7875    0.989584 0.000731548
     3.80042    0.990194   0.0007163
     3.81335    0.990538 0.000771908
     3.82628      0.9906  0.00080707
      3.8392      0.9892 0.000830916
     3.85213    0.990446 0.000710729
     3.86506    0.991626  0.00080203
     3.87798    0.989486 0.000764859
     3.89091    0.990448 0.000829772
     3.90384    0.989096  0.00076669
     3.91676    0.989588 0.000750892
     3.92969    0.989938 0.000744843
     3.94262     0.98991 0.000633409
     3.95554    0.988734 0.000672046
     3.96847     0.98935 0.000730733
      3.9814    0.988867 0.000721152
     3.99432     0.99001 0.000698107
     4.00725    0.988398 0.000741443
     4.02018    0.989406 0.000691859
      4.0331    0.990331 0.000626733
     4.04603    0.989509 0.000717144
     4.05895    0.988209 0.000594381
     4.07188    0.988524  0.00070307
     4.08481    0.987728 0.000721901
     4.09773    0.988034 0.000603502
     4.11066    0.990418 0.000696517
     4.12359    0.988082 0.000683862
     4.13651     0.98882 0.000698331
     4.14944    0.988496 0.000678242
     4.16237    0.988172 0.000688924
     4.17529    0.987131   0.0006252
     4.18822    0.987945  0.00065426
     4.20115    0.988011 0.000710732
     4.21407    0.988551 0.000685067
       4.227    0.989623 0.000696494
     4.23993     0.98741 0.000654352
     4.25285    0.988678 0.000682793
     4.26578     0.98935 0.000639434
     4.27871    0.988447 0.000679278
     4.29163     0.98868 0.000685737
     4.30456     0.98748 0.000608881
     4.31749     0.98829 0.000643989
     4.33041    0.988244  0.00060867
     4.34334    0.987353 0.000667091
     4.35627    0.987635 0.000757311
     4.36919      0.9884 0.000742145
     4.38212    0.988247 0.000711159
     4.39505    0.986377 0.000713328
     4.40797    0.987389 0.000673314
      4.4209     0.98877 0.000589987
     4.43383    0.986879 0.000609994
     4.44675    0.987763 0.000540656
     4.45968    0.986082  0.00069834
     4.47261    0.988692 0.000679637
     4.48553    0.987092 0.000586792
     4.49846    0.986913 0.000658666
     4.51139    0.986977 0.000720201
     4.52431    0.986662 0.000696613
     4.53724    0.988004 0.000531429
     4.55017    0.987401 0.000623717
     4.56309    0.986018 0.000641598
     4.57602    0.986555 0.000556052
     4.58895    0.987535 0.000610191
     4.60187    0.986594 0.000659645
      4.6148    0.987594 0.000699979
     4.62773    0.987153 0.000698566
     4.64065    0.986079  0.00064987
     4.65358    0.987936 0.000620686
     4.66651    0.987454 0.000644221
     4.67943    0.987935 0.000599806
     4.69236    0.987619 0.000580573
     4.70529    0.986694 0.000611737
     4.71821    0.987384 0.000628222
     4.73114    0.985688 0.000543448
     4.74407    0.987913 0.000605391
     4.75699    0.987561 0.000630294
     4.76992    0.986536  0.00055731
     4.78285    0.987393 0.000576505
     4.79577      0.9867 0.000643895
      4.8087    0.987136 0.000607201
     4.82162    0.986524   0.0006203
     4.83455    0.986581 0.000555247
     4.84748    0.987546 0.000605883
      4.8604    0.986426 0.000633374
     4.87333    0.987834 0.000614534
     4.88626    0.987485 0.000599916
     4.89918    0.985832 0.000560272
     4.91211    0.986134 0.000594662
     4.92504    0.987076 0.000532233
     4.93796    0.986973 0.000604492
     4.95089     0.98661 0.000593627
     4.96382    0.986024 0.000542176
     4.97674    0.986002  0.00052226
     4.98967    0.986555  0.00052396
      5.0026     0.98708 0.000549723
     5.01552    0.985948 0.000632008
     5.02845    0.986891 0.000617597
     5.04138    0.987086 0.000574934
      5.0543     0.98602 0.000619553
     5.06723    0.986672 0.000576282
     5.08016    0.985895 0.000595438
     5.09308    0.985733 0.000617629
     5.10601    0.986269 0.000516135
     5.11894    0.987009 0.000531127
     5.13186    0.986743 0.000563181
     5.14479    0.987375 0.000526935
     5.15772    0.986709 0.000510914
     5.17064    0.986164 0.000511845
     5.18357    0.986431 0.000533637
      5.1965    0.985516 0.000618251
     5.20942    0.986767  0.00050483
     5.22235    0.986242 0.000574994
     5.23528    0.986336 0.000569044
      5.2482    0.986575 0.000534772
     5.26113    0.985999 0.000510536
     5.27406    0.985631 0.000563875
     5.28698     0.98707 0.000583763
     5.29991     0.98596 0.000564898
     5.31284    0.986701 0.000622355
     5.32576    0.986087 0.000465469
     5.33869    0.986562 0.000494935
     5.35162    0.987026 0.000505192
     5.36454    0.987035 0.000520383
     5.37747     0.98595  0.00050209
      5.3904    0.985361 0.000537153
     5.40332    0.985964 0.000561849
     5.41625    0.986577 0.000508918
     5.42918    0.985773 0.000508502
      5.4421    0.986635  0.00053221
     5.45503    0.986748  0.00051292
     5.46796    0.985473 0.000504289
     5.48088    0.986069 0.000499465
     5.49381    0.986507 0.000489843
     5.50674    0.986448 0.000538723
     5.51966    0.985371 0.000519414
     5.53259    0.986019 0.000536856
     5.54551    0.986493 0.000526788
     5.55844    0.984653 0.000531789
     5.57137    0.987102 0.000469424
     5.58429    0.985667 0.000496367
     5.59722    0.986063 0.000618901
     5.61015    0.986433 0.000448165
     5.62307    0.986187 0.000554059
       5.636    0.986215 0.000463968
     5.64893    0.986374 0.000525958
     5.66185     0.98599 0.000466684
     5.67478    0.985451 0.000456984
     5.68771    0.985754 0.000469818
     5.70063    0.986894 0.000542241
     5.71356    0.985661 0.000424972
     5.72649    0.986024 0.000476653
     5.73941    0.986638 0.000434705
     5.75234    0.985442 0.000507579
     5.76527     0.98572 0.000439852
     5.77819    0.986804 0.000426126
     5.79112    0.986217 0.000512326
     5.80405     0.98708 0.000503472
     5.81697    0.985378 0.000450333
      5.8299    0.985624  0.00049928
     5.84283    0.985615 0.000508457
     5.85575    0.986657 0.000549558
     5.86868    0.986808 0.000510675
     5.88161    0.986336 0.000519393
     5.89453    0.986214 0.000435459
     5.90746    0.985823 0.000477068
     5.92039    0.985638  0.00052154
     5.93331    0.986425 0.000466387
     5.94624    0.985055 0.000493754
     5.95917    0.986118 0.000527531
     5.97209    0.985928 0.000463971
     5.98502    0.986416 0.000472496
     5.99795     0.98478 0.000444907
     6.01087      0.9859 0.000484505
      6.0238     0.98494 0.000511471
     6.03673    0.986422 0.000447391
     6.04965    0.985722 0.000464897
     6.06258    0.985862 0.000500688
     6.07551    0.986215 0.000512196
     6.08843    0.984832 0.000452315
     6.10136    0.985655 0.000456178
     6.11429    0.986158 0.000422162
     6.12721    0.986099 0.000479718
     6.14014    0.985767 0.000451817
     6.15307    0.985468 0.000462878
     6.16599    0.984918 0.000475762
     6.17892    0.985766 0.000516755
     6.19185    0.986296 0.000494259
     6.20477    0.985974 0.000525683
      6.2177     0.98549 0.000519494
     6.23063    0.986385 0.000510934
     6.24355    0.985521 0.000434539
     6.25648    0.985804 0.000420886
      6.2694    0.985498 0.000506354
     6.28233    0.985944 0.000473901
     6.29526    0.986067 0.000425007
     6.30818    0.985717 0.000461441
     6.32111    0.985943 0.000459575
     6.33404     0.98519 0.000422118
     6.34696    0.985407 0.000493722
     6.35989    0.986546 0.000440223
     6.37282    0.985499 0.000448419
     6.38574    0.985181 0.000450051
     6.39867    0.985872 0.000432164
      6.4116    0.985527 0.000422681
     6.42452    0.985642 0.000432849
     6.43745    0.985705 0.000474946
     6.45038    0.986249 0.000470623
